-0.155752;
-0.159969;
-0.162516;
-0.164774;
-0.16637;
-0.166488;
-0.164968;
-0.16251;
-0.158338;
-0.154445;
-0.14988;
-0.14423;
-0.139192;
-0.13516;
-0.132115;
-0.129911;
-0.0481151;
-0.048758;
-0.0529366;
-0.0621939;
-0.0768825;
-0.0879585;
-0.0972206;
-0.103224;
-0.116065;
-0.128997;
-0.137296;
-0.140634;
-0.140817;
-0.138173;
-0.133869;
-0.129911;
-0.0544015;
-0.0506773;
-0.0495727;
-0.0550659;
-0.0567253;
-0.0584217;
-0.0775019;
-0.0938766;
-0.104305;
-0.115205;
-0.124695;
-0.130301;
-0.133358;
-0.134076;
-0.131946;
-0.129911;
-0.143869;
-0.141863;
-0.138034;
-0.134994;
-0.132455;
-0.130955;
-0.128693;
-0.12681;
-0.126855;
-0.12762;
-0.12811;
-0.128081;
-0.127644;
-0.127717;
-0.128531;
-0.129911;
-0.000891354;
-0.000988609;
-0.00123077;
-0.00121172;
-0.0012345;
-0.0012897;
-0.00131208;
-0.00132887;
-0.00122591;
-0.0011343;
-0.00127923;
-0.00114543;
-0.00109281;
-0.00105514;
-0.00104881;
-0.000956362;
-0.013355;
-0.0198605;
-0.0220819;
-0.0182768;
-0.0158889;
-0.0175005;
-0.0210383;
-0.0254531;
-0.0252028;
-0.0227386;
-0.0197675;
-0.0178227;
-0.016362;
-0.0147693;
-0.0124071;
-0.0118388;
-0.0535846;
-0.0653489;
-0.0460392;
-0.0226296;
-0.0151111;
-0.0179246;
-0.0690907;
-0.115642;
-0.132957;
-0.0768489;
-0.0558797;
-0.042732;
-0.0400275;
-0.0487517;
-0.0433614;
-0.0432055;
-0.0989832;
-0.128097;
-0.0780846;
-0.0432276;
-0.0183304;
-0.01531;
-0.120153;
-0.334248;
-0.35432;
-0.138081;
-0.0428562;
-0.0171765;
-0.0557265;
-0.0669252;
-0.0573557;
-0.0744952;
-0.137811;
-0.125274;
-0.0603257;
-0.0298981;
-0.000641341;
-0.0174745;
-0.216468;
-0.32826;
-0.551667;
-0.0643735;
0;
-0.00120251;
-0.0611412;
-0.0890853;
-0.0767098;
-0.0919873;
-0.100111;
-0.116789;
-0.0510163;
-0.00620132;
0;
-0.00135966;
-0.0207096;
-0.0171169;
-0.0481867;
0;
0;
0;
-0.00226714;
-0.105927;
-0.150749;
-0.0715158;
-0.0584148;
-0.0490992;
-0.000678141;
-3.1647e-05;
0;
0;
0;
0;
0;
0;
0;
0;
0;
-0.00747979;
-0.0395222;
-0.0228572;
-0.00260783;
-0.0215459;
-0.00159545;
0;
0;
0;
0;
0;
0;
0;
0;
0;
0;
0;
-0.00317582;
-2.73946e-06;
