-0.139473;
-0.13973;
-0.137601;
-0.13365;
-0.131624;
-0.130934;
-0.129958;
-0.129841;
-0.128254;
-0.126934;
-0.124899;
-0.122905;
-0.120977;
-0.119343;
-0.117895;
-0.117098;
-0.131845;
-0.128051;
-0.118562;
-0.112833;
-0.110388;
-0.111325;
-0.114484;
-0.117191;
-0.122674;
-0.124118;
-0.125071;
-0.124369;
-0.1223;
-0.120439;
-0.118292;
-0.117098;
-0.13342;
-0.135013;
-0.12657;
-0.12035;
-0.119979;
-0.122334;
-0.126477;
-0.126731;
-0.126597;
-0.127475;
-0.125817;
-0.123647;
-0.121929;
-0.119937;
-0.117935;
-0.117098;
-0.136784;
-0.136293;
-0.134538;
-0.132773;
-0.13164;
-0.129701;
-0.129041;
-0.128195;
-0.126253;
-0.124456;
-0.122998;
-0.121449;
-0.119701;
-0.11816;
-0.117278;
-0.117098;
-0.0109603;
-0.00909883;
-0.00814242;
-0.00729264;
-0.00757915;
-0.00835347;
-0.0104047;
-0.00997032;
-0.00938767;
-0.00990455;
-0.00836471;
-0.00801818;
-0.00775468;
-0.00839239;
-0.00965338;
-0.00956231;
-0.140629;
-0.0968836;
-0.104722;
-0.0972536;
-0.097654;
-0.0891534;
-0.0982653;
-0.181814;
-0.174396;
-0.112778;
-0.0971602;
-0.0851417;
-0.0835124;
-0.0825838;
-0.109622;
-0.133212;
-0.14917;
-0.103389;
-0.144694;
-0.143769;
-0.244544;
-0.254549;
-0.293828;
-0.356311;
-0.301971;
-0.20653;
-0.17528;
-0.163957;
-0.106781;
-0.0775051;
-0.0890056;
-0.148559;
-0.0982136;
-0.052156;
-0.0509758;
-0.0635363;
-0.0118337;
-0.0504512;
-0.095933;
-0.114394;
-0.134089;
-0.0829189;
-0.0542873;
-0.0240306;
-0.0671238;
-0.0533309;
-0.0648892;
-0.12754;
-0.0620715;
-0.0265244;
-0.00880793;
-0.0136226;
-0.000251278;
0;
-0.0115114;
-0.0636641;
-0.0695427;
-0.0298002;
-0.000143351;
-0.00014105;
-0.00818668;
-0.0328353;
-0.0573571;
-0.0909291;
-0.0434109;
-0.0147521;
-0.00150227;
-3.01504e-05;
0;
0;
0;
-0.0211878;
-0.0271729;
-1.67674e-05;
0;
0;
-0.000368599;
-0.0349683;
-0.0278712;
-0.0207788;
-0.0226645;
-0.0115646;
-0.00076214;
0;
0;
0;
0;
-0.0074171;
-0.00820696;
0;
0;
0;
0;
-0.00291562;
-0.00146971;
-0.00535187;
-0.00782123;
-0.00453901;
-0.000337275;
0;
0;
0;
0;
-0.00173381;
-0.0043917;
0;
0;
0;
0;
0;
0;
-0.00280055;
