0;464;
1;1699;
2;1209;
3;831;
4;817;
5;1128;
6;1710;
7;562;
8;482;
9;509;
10;267;
11;160;
12;141;
13;252;
14;408;
15;425;
16;12194;
17;1092;
18;0;
19;0;
20;0;
21;0;
22;940;
23;12789;
24;6452;
25;1902;
26;593;
27;120;
28;183;
29;410;
30;904;
31;2912;
32;9951;
33;0;
34;0;
35;0;
36;0;
37;0;
38;0;
39;17839;
40;10355;
41;0;
42;0;
43;0;
44;0;
45;0;
46;20;
47;3319;
48;6407;
49;0;
50;0;
51;0;
52;0;
53;0;
54;0;
55;4540;
56;4037;
57;0;
58;0;
59;0;
60;0;
61;0;
62;0;
63;1536;
64;2537;
65;0;
66;0;
67;0;
68;0;
69;0;
70;0;
71;1469;
72;2304;
73;0;
74;0;
75;0;
76;0;
77;0;
78;0;
79;3654;
80;706;
81;0;
82;0;
83;0;
84;0;
85;0;
86;0;
87;383;
88;807;
89;0;
90;0;
91;0;
92;0;
93;0;
94;0;
95;1311;
96;281;
97;0;
98;0;
99;0;
100;0;
101;0;
102;0;
103;106;
104;296;
105;0;
106;0;
107;0;
108;0;
109;0;
110;0;
111;737;
112;203;
113;0;
114;0;
115;0;
116;0;
117;0;
118;0;
119;17;
120;157;
121;0;
122;0;
123;0;
124;0;
125;0;
126;0;
127;141;
0;906;
1;689;
2;872;
3;1093;
4;1103;
5;889;
6;790;
7;1051;
8;423;
9;213;
10;121;
11;133;
12;123;
13;105;
14;121;
15;236;
16;10436;
17;3749;
18;916;
19;157;
20;1;
21;697;
22;2765;
23;12999;
24;3673;
25;1806;
26;940;
27;509;
28;655;
29;903;
30;574;
31;1380;
32;9687;
33;0;
34;0;
35;0;
36;0;
37;0;
38;0;
39;20241;
40;7619;
41;609;
42;0;
43;0;
44;0;
45;0;
46;639;
47;3103;
48;4185;
49;0;
50;0;
51;0;
52;0;
53;0;
54;0;
55;4194;
56;4422;
57;0;
58;0;
59;0;
60;0;
61;0;
62;31;
63;3688;
64;1883;
65;0;
66;0;
67;0;
68;0;
69;0;
70;0;
71;1507;
72;2268;
73;0;
74;0;
75;0;
76;0;
77;0;
78;0;
79;4399;
80;757;
81;0;
82;0;
83;0;
84;0;
85;0;
86;0;
87;411;
88;781;
89;0;
90;0;
91;0;
92;0;
93;0;
94;0;
95;1272;
96;729;
97;0;
98;0;
99;0;
100;0;
101;0;
102;0;
103;111;
104;291;
105;0;
106;0;
107;0;
108;0;
109;0;
110;0;
111;295;
112;290;
113;0;
114;0;
115;0;
116;0;
117;0;
118;0;
119;5;
120;169;
121;0;
122;0;
123;0;
124;0;
125;0;
126;0;
127;54;
0;243;
1;2;
2;8;
3;105;
4;119;
5;78;
6;49;
7;54;
8;736;
9;382;
10;260;
11;233;
12;219;
13;238;
14;333;
15;737;
16;3911;
17;4943;
18;2705;
19;2026;
20;1625;
21;2905;
22;5269;
23;6166;
24;4575;
25;1775;
26;1482;
27;1012;
28;1230;
29;1069;
30;824;
31;3094;
32;8080;
33;1441;
34;64;
35;0;
36;0;
37;0;
38;11;
39;20729;
40;6316;
41;2279;
42;312;
43;67;
44;49;
45;211;
46;1241;
47;3268;
48;3775;
49;0;
50;0;
51;0;
52;0;
53;0;
54;0;
55;4401;
56;4330;
57;17;
58;0;
59;0;
60;0;
61;0;
62;471;
63;3750;
64;1876;
65;0;
66;0;
67;0;
68;0;
69;0;
70;0;
71;1837;
72;1950;
73;0;
74;0;
75;0;
76;0;
77;0;
78;101;
79;4474;
80;872;
81;0;
82;0;
83;0;
84;0;
85;0;
86;0;
87;428;
88;767;
89;0;
90;0;
91;0;
92;0;
93;0;
94;3;
95;1190;
96;901;
97;0;
98;0;
99;0;
100;0;
101;0;
102;0;
103;129;
104;274;
105;0;
106;0;
107;0;
108;0;
109;0;
110;0;
111;128;
112;278;
113;0;
114;0;
115;0;
116;0;
117;0;
118;0;
119;6;
120;168;
121;0;
122;0;
123;0;
124;0;
125;0;
126;0;
127;67;
0;0;
1;0;
2;0;
3;0;
4;0;
5;0;
6;0;
7;11;
8;56;
9;391;
10;348;
11;319;
12;302;
13;333;
14;421;
15;226;
16;1902;
17;3448;
18;2827;
19;2417;
20;2788;
21;4407;
22;5885;
23;812;
24;4544;
25;1898;
26;1562;
27;1439;
28;1088;
29;963;
30;1254;
31;3210;
32;5215;
33;3934;
34;1080;
35;668;
36;0;
37;9;
38;2101;
39;18249;
40;5971;
41;3896;
42;1221;
43;347;
44;860;
45;944;
46;1334;
47;3249;
48;3596;
49;67;
50;0;
51;0;
52;0;
53;0;
54;0;
55;4232;
56;4448;
57;220;
58;0;
59;0;
60;0;
61;116;
62;719;
63;3572;
64;1912;
65;0;
66;0;
67;0;
68;0;
69;0;
70;0;
71;1905;
72;1907;
73;0;
74;0;
75;0;
76;0;
77;0;
78;957;
79;3733;
80;1007;
81;0;
82;0;
83;0;
84;0;
85;0;
86;0;
87;464;
88;732;
89;0;
90;0;
91;0;
92;0;
93;0;
94;135;
95;1062;
96;897;
97;0;
98;0;
99;0;
100;0;
101;0;
102;0;
103;152;
104;253;
105;0;
106;0;
107;0;
108;0;
109;0;
110;0;
111;131;
112;278;
113;0;
114;0;
115;0;
116;0;
117;0;
118;0;
119;12;
120;162;
121;0;
122;0;
123;0;
124;0;
125;0;
126;0;
127;70;
0;0;
1;0;
2;0;
3;0;
4;0;
5;0;
6;7;
7;4;
8;0;
9;61;
10;250;
11;285;
12;278;
13;279;
14;219;
15;6;
16;1147;
17;2111;
18;3092;
19;2818;
20;3865;
21;5088;
22;3121;
23;39;
24;3344;
25;2376;
26;1616;
27;1329;
28;1183;
29;1032;
30;1703;
31;2771;
32;3799;
33;4646;
34;1844;
35;1179;
36;0;
37;209;
38;7022;
39;13702;
40;5820;
41;4282;
42;2246;
43;1264;
44;1491;
45;1439;
46;1205;
47;2915;
48;2918;
49;673;
50;0;
51;0;
52;0;
53;0;
54;0;
55;4330;
56;3942;
57;871;
58;0;
59;0;
60;0;
61;464;
62;1047;
63;3340;
64;1753;
65;183;
66;0;
67;0;
68;0;
69;0;
70;0;
71;1890;
72;1990;
73;0;
74;0;
75;0;
76;0;
77;1;
78;1750;
79;2937;
80;1090;
81;30;
82;0;
83;0;
84;0;
85;0;
86;0;
87;504;
88;703;
89;0;
90;0;
91;0;
92;0;
93;0;
94;238;
95;967;
96;898;
97;0;
98;0;
99;0;
100;0;
101;0;
102;0;
103;185;
104;222;
105;0;
106;0;
107;0;
108;0;
109;0;
110;0;
111;131;
112;280;
113;0;
114;0;
115;0;
116;0;
117;0;
118;0;
119;19;
120;155;
121;0;
122;0;
123;0;
124;0;
125;0;
126;0;
127;70;
0;0;
1;0;
2;0;
3;0;
4;0;
5;2;
6;9;
7;0;
8;0;
9;0;
10;41;
11;159;
12;169;
13;142;
14;23;
15;0;
16;828;
17;1475;
18;2690;
19;3281;
20;4487;
21;3871;
22;1190;
23;14;
24;2348;
25;2470;
26;1669;
27;1385;
28;1170;
29;1292;
30;1738;
31;2340;
32;3248;
33;3952;
34;3156;
35;1482;
36;338;
37;2213;
38;10075;
39;9779;
40;5667;
41;4052;
42;3270;
43;2071;
44;2218;
45;1477;
46;1294;
47;2637;
48;2487;
49;1107;
50;0;
51;8;
52;0;
53;0;
54;265;
55;4533;
56;3453;
57;1610;
58;8;
59;0;
60;0;
61;1056;
62;1039;
63;3027;
64;1489;
65;468;
66;0;
67;0;
68;0;
69;0;
70;0;
71;1875;
72;2075;
73;13;
74;0;
75;0;
76;0;
77;45;
78;2311;
79;2411;
80;1059;
81;145;
82;0;
83;0;
84;0;
85;0;
86;0;
87;517;
88;701;
89;0;
90;0;
91;0;
92;0;
93;0;
94;371;
95;894;
96;838;
97;67;
98;0;
99;0;
100;0;
101;0;
102;0;
103;201;
104;206;
105;0;
106;0;
107;0;
108;0;
109;0;
110;7;
111;123;
112;288;
113;3;
114;0;
115;0;
116;0;
117;0;
118;0;
119;27;
120;147;
121;0;
122;0;
123;0;
124;0;
125;0;
126;0;
127;72;
0;0;
1;0;
2;0;
3;0;
4;0;
5;7;
6;4;
7;0;
8;0;
9;0;
10;4;
11;12;
12;3;
13;0;
14;0;
15;0;
16;720;
17;1082;
18;2253;
19;3160;
20;4130;
21;2037;
22;648;
23;5;
24;1641;
25;2336;
26;1790;
27;1485;
28;1384;
29;1507;
30;1531;
31;1939;
32;2826;
33;3107;
34;3960;
35;1422;
36;1652;
37;4611;
38;10148;
39;7840;
40;5373;
41;3811;
42;3805;
43;2803;
44;2631;
45;1167;
46;1378;
47;2407;
48;2198;
49;1390;
50;451;
51;876;
52;0;
53;0;
54;1271;
55;4023;
56;2986;
57;2230;
58;166;
59;0;
60;78;
61;1680;
62;1232;
63;2700;
64;1371;
65;637;
66;0;
67;0;
68;0;
69;0;
70;0;
71;1858;
72;2177;
73;72;
74;0;
75;0;
76;0;
77;355;
78;2053;
79;2132;
80;1041;
81;189;
82;0;
83;0;
84;0;
85;0;
86;0;
87;530;
88;700;
89;0;
90;0;
91;0;
92;0;
93;10;
94;819;
95;789;
96;836;
97;79;
98;0;
99;0;
100;0;
101;0;
102;0;
103;208;
104;203;
105;0;
106;0;
107;0;
108;0;
109;0;
110;41;
111;124;
112;291;
113;6;
114;0;
115;0;
116;0;
117;0;
118;0;
119;32;
120;143;
121;0;
122;0;
123;0;
124;0;
125;0;
126;0;
127;72;
0;0;
1;0;
2;0;
3;0;
4;0;
5;0;
6;0;
7;0;
8;0;
9;0;
10;5;
11;11;
12;3;
13;0;
14;0;
15;0;
16;638;
17;825;
18;2022;
19;2293;
20;2980;
21;910;
22;230;
23;3;
24;1135;
25;2138;
26;1800;
27;1545;
28;1448;
29;1515;
30;1389;
31;1590;
32;2488;
33;2430;
34;4588;
35;2301;
36;3681;
37;6386;
38;9554;
39;6808;
40;5139;
41;3591;
42;4027;
43;3278;
44;2808;
45;1181;
46;1463;
47;2187;
48;1993;
49;1659;
50;497;
51;1496;
52;0;
53;0;
54;2390;
55;3146;
56;2663;
57;2740;
58;464;
59;87;
60;391;
61;1709;
62;1411;
63;2406;
64;1260;
65;769;
66;0;
67;0;
68;0;
69;0;
70;0;
71;1844;
72;2154;
73;200;
74;0;
75;0;
76;0;
77;689;
78;1460;
79;2067;
80;1038;
81;230;
82;0;
83;0;
84;0;
85;0;
86;0;
87;536;
88;704;
89;0;
90;0;
91;0;
92;0;
93;243;
94;1297;
95;654;
96;777;
97;145;
98;0;
99;0;
100;0;
101;0;
102;0;
103;216;
104;200;
105;0;
106;0;
107;0;
108;0;
109;0;
110;62;
111;119;
112;297;
113;16;
114;0;
115;0;
116;0;
117;0;
118;0;
119;35;
120;141;
121;0;
122;0;
123;0;
124;0;
125;0;
126;0;
127;73;
0;0;
1;0;
2;0;
3;0;
4;0;
5;0;
6;0;
7;0;
8;0;
9;0;
10;5;
11;11;
12;3;
13;0;
14;0;
15;0;
16;566;
17;683;
18;1779;
19;1831;
20;2077;
21;641;
22;6;
23;2;
24;805;
25;1892;
26;1774;
27;1577;
28;1475;
29;1452;
30;1342;
31;1311;
32;2238;
33;2083;
34;4243;
35;2753;
36;5318;
37;7295;
38;8717;
39;6066;
40;4839;
41;3592;
42;4075;
43;3755;
44;2848;
45;1179;
46;1534;
47;1976;
48;1845;
49;1683;
50;1219;
51;2072;
52;17;
53;0;
54;3181;
55;2533;
56;2516;
57;2901;
58;898;
59;142;
60;799;
61;1680;
62;1454;
63;2218;
64;1175;
65;890;
66;1;
67;0;
68;0;
69;0;
70;0;
71;1818;
72;1948;
73;470;
74;0;
75;0;
76;27;
77;748;
78;1394;
79;2015;
80;1028;
81;270;
82;0;
83;0;
84;0;
85;0;
86;0;
87;553;
88;721;
89;0;
90;0;
91;0;
92;0;
93;739;
94;1230;
95;597;
96;693;
97;208;
98;0;
99;0;
100;0;
101;0;
102;0;
103;219;
104;201;
105;0;
106;0;
107;0;
108;0;
109;11;
110;64;
111;119;
112;304;
113;74;
114;0;
115;0;
116;0;
117;0;
118;0;
119;36;
120;140;
121;0;
122;0;
123;0;
124;0;
125;0;
126;0;
127;74;
0;0;
1;0;
2;0;
3;0;
4;0;
5;0;
6;0;
7;0;
8;0;
9;0;
10;6;
11;10;
12;3;
13;0;
14;0;
15;0;
16;508;
17;571;
18;1578;
19;1531;
20;1633;
21;293;
22;2;
23;2;
24;593;
25;1635;
26;1690;
27;1580;
28;1469;
29;1347;
30;1340;
31;1096;
32;2048;
33;1944;
34;4151;
35;3363;
36;6385;
37;8147;
38;7732;
39;5491;
40;4577;
41;3763;
42;4240;
43;4161;
44;2769;
45;1268;
46;1569;
47;1823;
48;1728;
49;1595;
50;1497;
51;2300;
52;37;
53;46;
54;3694;
55;2174;
56;2399;
57;2648;
58;1318;
59;235;
60;1338;
61;1586;
62;1560;
63;2051;
64;1120;
65;888;
66;36;
67;0;
68;0;
69;0;
70;28;
71;1786;
72;1721;
73;813;
74;0;
75;0;
76;70;
77;738;
78;1323;
79;1954;
80;999;
81;365;
82;0;
83;0;
84;0;
85;0;
86;0;
87;563;
88;737;
89;0;
90;0;
91;0;
92;0;
93;1078;
94;1119;
95;564;
96;609;
97;266;
98;0;
99;0;
100;0;
101;0;
102;0;
103;219;
104;207;
105;0;
106;0;
107;0;
108;0;
109;73;
110;70;
111;120;
112;269;
113;159;
114;0;
115;0;
116;0;
117;0;
118;0;
119;38;
120;138;
121;0;
122;0;
123;0;
124;0;
125;0;
126;0;
127;74;
0;0;
1;0;
2;0;
3;0;
4;0;
5;0;
6;0;
7;0;
8;0;
9;0;
10;7;
11;9;
12;3;
13;0;
14;0;
15;0;
16;468;
17;498;
18;1430;
19;1289;
20;1241;
21;100;
22;2;
23;2;
24;433;
25;1413;
26;1599;
27;1538;
28;1452;
29;1245;
30;1349;
31;927;
32;1911;
33;1835;
34;4142;
35;3736;
36;7360;
37;8247;
38;7043;
39;5027;
40;4374;
41;3968;
42;4196;
43;4284;
44;2309;
45;1354;
46;1581;
47;1698;
48;1636;
49;1501;
50;1578;
51;2602;
52;37;
53;502;
54;3824;
55;2052;
56;2285;
57;2277;
58;1807;
59;576;
60;2198;
61;1425;
62;1585;
63;1955;
64;1069;
65;828;
66;146;
67;28;
68;0;
69;0;
70;160;
71;1678;
72;1558;
73;1224;
74;1;
75;0;
76;113;
77;832;
78;1331;
79;1938;
80;960;
81;458;
82;0;
83;0;
84;0;
85;0;
86;0;
87;564;
88;746;
89;0;
90;0;
91;0;
92;0;
93;1277;
94;1027;
95;483;
96;550;
97;320;
98;0;
99;0;
100;0;
101;0;
102;0;
103;218;
104;212;
105;0;
106;0;
107;0;
108;0;
109;153;
110;71;
111;122;
112;237;
113;202;
114;0;
115;0;
116;0;
117;0;
118;0;
119;43;
120;134;
121;0;
122;0;
123;0;
124;0;
125;0;
126;0;
127;75;
0;0;
1;0;
2;0;
3;0;
4;0;
5;0;
6;0;
7;0;
8;0;
9;0;
10;8;
11;8;
12;3;
13;0;
14;0;
15;0;
16;437;
17;453;
18;1272;
19;1077;
20;875;
21;6;
22;2;
23;2;
24;325;
25;1202;
26;1522;
27;1472;
28;1384;
29;1124;
30;1348;
31;776;
32;1809;
33;1750;
34;4103;
35;4159;
36;8190;
37;7941;
38;6708;
39;4630;
40;4253;
41;4135;
42;3971;
43;4387;
44;2045;
45;1448;
46;1607;
47;1616;
48;1573;
49;1466;
50;1608;
51;2505;
52;37;
53;1219;
54;3621;
55;2009;
56;2184;
57;2077;
58;2291;
59;915;
60;2804;
61;1236;
62;1599;
63;1904;
64;1032;
65;766;
66;283;
67;291;
68;0;
69;0;
70;307;
71;1571;
72;1432;
73;1500;
74;11;
75;0;
76;190;
77;1058;
78;1330;
79;1891;
80;936;
81;501;
82;14;
83;0;
84;0;
85;0;
86;0;
87;565;
88;754;
89;0;
90;0;
91;0;
92;1;
93;1378;
94;1002;
95;413;
96;496;
97;370;
98;0;
99;0;
100;0;
101;0;
102;0;
103;215;
104;217;
105;0;
106;0;
107;0;
108;0;
109;159;
110;66;
111;121;
112;219;
113;229;
114;0;
115;0;
116;0;
117;0;
118;0;
119;47;
120;132;
121;0;
122;0;
123;0;
124;0;
125;0;
126;0;
127;75;
0;0;
1;0;
2;0;
3;0;
4;0;
5;0;
6;0;
7;0;
8;0;
9;2;
10;8;
11;6;
12;3;
13;0;
14;0;
15;0;
16;418;
17;432;
18;1188;
19;920;
20;588;
21;4;
22;2;
23;2;
24;246;
25;1043;
26;1434;
27;1432;
28;1378;
29;1037;
30;1302;
31;669;
32;1727;
33;1701;
34;4015;
35;4475;
36;8834;
37;7424;
38;6478;
39;4324;
40;4156;
41;4251;
42;3742;
43;4409;
44;2116;
45;1499;
46;1645;
47;1544;
48;1524;
49;1394;
50;1655;
51;2327;
52;37;
53;1948;
54;3448;
55;1973;
56;2109;
57;1979;
58;2763;
59;1198;
60;2947;
61;1228;
62;1625;
63;1863;
64;999;
65;771;
66;364;
67;571;
68;0;
69;0;
70;433;
71;1485;
72;1368;
73;1663;
74;12;
75;0;
76;263;
77;1132;
78;1314;
79;1855;
80;937;
81;493;
82;41;
83;0;
84;0;
85;0;
86;0;
87;567;
88;761;
89;0;
90;0;
91;0;
92;1;
93;1463;
94;988;
95;366;
96;446;
97;417;
98;3;
99;0;
100;0;
101;0;
102;0;
103;215;
104;217;
105;0;
106;0;
107;0;
108;0;
109;160;
110;65;
111;119;
112;212;
113;240;
114;0;
115;0;
116;0;
117;0;
118;0;
119;49;
120;131;
121;0;
122;0;
123;0;
124;0;
125;0;
126;0;
127;75;
0;0;
1;0;
2;0;
3;0;
4;0;
5;0;
6;0;
7;0;
8;0;
9;7;
10;5;
11;4;
12;3;
13;0;
14;0;
15;0;
16;408;
17;418;
18;1140;
19;846;
20;444;
21;0;
22;2;
23;2;
24;182;
25;910;
26;1330;
27;1411;
28;1354;
29;1010;
30;1312;
31;581;
32;1670;
33;1669;
34;3935;
35;4651;
36;9226;
37;6911;
38;6327;
39;4102;
40;4063;
41;4360;
42;3666;
43;4355;
44;2184;
45;1534;
46;1651;
47;1503;
48;1493;
49;1366;
50;1666;
51;2213;
52;43;
53;2582;
54;3340;
55;1940;
56;2076;
57;1967;
58;3033;
59;1468;
60;3067;
61;1162;
62;1604;
63;1836;
64;976;
65;755;
66;407;
67;763;
68;0;
69;0;
70;529;
71;1415;
72;1333;
73;1743;
74;12;
75;0;
76;314;
77;1168;
78;1311;
79;1833;
80;944;
81;503;
82;61;
83;0;
84;0;
85;0;
86;0;
87;572;
88;768;
89;0;
90;0;
91;0;
92;1;
93;1567;
94;972;
95;337;
96;406;
97;437;
98;23;
99;0;
100;0;
101;0;
102;0;
103;214;
104;219;
105;0;
106;0;
107;0;
108;0;
109;166;
110;59;
111;119;
112;211;
113;237;
114;6;
115;0;
116;0;
117;0;
118;0;
119;49;
120;131;
121;0;
122;0;
123;0;
124;0;
125;0;
126;0;
127;75;
0;0;
1;0;
2;0;
3;0;
4;0;
5;0;
6;0;
7;0;
8;1;
9;6;
10;7;
11;2;
12;3;
13;0;
14;0;
15;0;
16;409;
17;412;
18;1133;
19;816;
20;395;
21;0;
22;3;
23;1;
24;127;
25;805;
26;1259;
27;1361;
28;1332;
29;986;
30;1331;
31;512;
32;1636;
33;1645;
34;3881;
35;4699;
36;9298;
37;6398;
38;6222;
39;3972;
40;4035;
41;4441;
42;3662;
43;4410;
44;2218;
45;1552;
46;1655;
47;1476;
48;1469;
49;1350;
50;1630;
51;2119;
52;191;
53;3145;
54;3244;
55;1914;
56;2051;
57;1995;
58;3162;
59;1593;
60;3151;
61;1161;
62;1589;
63;1837;
64;967;
65;751;
66;425;
67;937;
68;0;
69;0;
70;602;
71;1365;
72;1329;
73;1774;
74;12;
75;0;
76;359;
77;1138;
78;1289;
79;1815;
80;956;
81;507;
82;85;
83;0;
84;0;
85;0;
86;0;
87;573;
88;771;
89;3;
90;0;
91;0;
92;1;
93;1670;
94;964;
95;321;
96;377;
97;452;
98;36;
99;0;
100;0;
101;0;
102;0;
103;214;
104;218;
105;0;
106;0;
107;0;
108;0;
109;168;
110;57;
111;121;
112;207;
113;223;
114;24;
115;0;
116;0;
117;0;
118;0;
119;49;
120;131;
121;0;
122;0;
123;0;
124;0;
125;0;
126;0;
127;75;
0;0;
1;0;
2;0;
3;0;
4;0;
5;0;
6;0;
7;2;
8;4;
9;2;
10;7;
11;1;
12;3;
13;0;
14;0;
15;0;
16;416;
17;417;
18;1161;
19;830;
20;436;
21;0;
22;3;
23;1;
24;95;
25;721;
26;1195;
27;1321;
28;1331;
29;949;
30;1349;
31;463;
32;1613;
33;1635;
34;3843;
35;4634;
36;8900;
37;6287;
38;6191;
39;3925;
40;4017;
41;4533;
42;3805;
43;4617;
44;2247;
45;1589;
46;1668;
47;1476;
48;1461;
49;1343;
50;1581;
51;2085;
52;622;
53;3241;
54;3180;
55;1890;
56;2040;
57;2036;
58;3125;
59;1483;
60;3194;
61;1174;
62;1560;
63;1851;
64;963;
65;746;
66;426;
67;1041;
68;0;
69;0;
70;647;
71;1340;
72;1336;
73;1766;
74;12;
75;0;
76;362;
77;1154;
78;1295;
79;1807;
80;969;
81;507;
82;97;
83;0;
84;0;
85;0;
86;0;
87;573;
88;772;
89;4;
90;0;
91;0;
92;1;
93;1685;
94;953;
95;307;
96;359;
97;457;
98;49;
99;0;
100;0;
101;0;
102;0;
103;214;
104;218;
105;0;
106;0;
107;0;
108;0;
109;166;
110;59;
111;120;
112;203;
113;219;
114;34;
115;0;
116;0;
117;0;
118;0;
119;49;
120;130;
121;0;
122;0;
123;0;
124;0;
125;0;
126;0;
127;75;
0;4292;
1;1995;
2;1100;
3;877;
4;904;
5;1218;
6;2466;
7;3144;
8;547;
9;535;
10;319;
11;273;
12;252;
13;441;
14;606;
15;690;
16;22774;
17;0;
18;0;
19;0;
20;0;
21;0;
22;0;
23;27945;
24;4837;
25;396;
26;82;
27;14;
28;10;
29;15;
30;627;
31;14004;
32;5213;
33;0;
34;0;
35;0;
36;0;
37;0;
38;1;
39;5989;
40;12449;
41;0;
42;0;
43;0;
44;0;
45;0;
46;0;
47;5658;
48;1418;
49;0;
50;0;
51;0;
52;0;
53;0;
54;0;
55;228;
56;1275;
57;0;
58;0;
59;0;
60;0;
61;0;
62;0;
63;935;
64;285;
65;0;
66;0;
67;0;
68;0;
69;0;
70;0;
71;5;
72;96;
73;0;
74;0;
75;0;
76;0;
77;0;
78;0;
79;634;
80;20;
81;0;
82;0;
83;0;
84;0;
85;0;
86;0;
87;0;
88;0;
89;0;
90;0;
91;0;
92;0;
93;0;
94;0;
95;99;
96;0;
97;0;
98;0;
99;0;
100;0;
101;0;
102;0;
103;0;
104;0;
105;0;
106;0;
107;0;
108;0;
109;0;
110;0;
111;0;
112;0;
113;0;
114;0;
115;0;
116;0;
117;0;
118;0;
119;0;
120;0;
121;0;
122;0;
123;0;
124;0;
125;0;
126;0;
127;0;
0;1362;
1;1974;
2;2584;
3;1475;
4;1426;
5;1395;
6;1880;
7;1628;
8;1990;
9;329;
10;227;
11;202;
12;176;
13;216;
14;248;
15;503;
16;29896;
17;5001;
18;73;
19;0;
20;0;
21;22;
22;327;
23;11707;
24;18966;
25;1088;
26;554;
27;332;
28;276;
29;351;
30;869;
31;1977;
32;10223;
33;0;
34;0;
35;0;
36;0;
37;0;
38;1;
39;1169;
40;15880;
41;2215;
42;40;
43;0;
44;0;
45;0;
46;4;
47;675;
48;1984;
49;0;
50;0;
51;0;
52;0;
53;0;
54;0;
55;68;
56;1497;
57;90;
58;0;
59;0;
60;0;
61;0;
62;0;
63;583;
64;931;
65;0;
66;0;
67;0;
68;0;
69;0;
70;0;
71;0;
72;128;
73;0;
74;0;
75;0;
76;0;
77;0;
78;0;
79;4;
80;122;
81;0;
82;0;
83;0;
84;0;
85;0;
86;0;
87;0;
88;0;
89;0;
90;0;
91;0;
92;0;
93;0;
94;0;
95;0;
96;0;
97;0;
98;0;
99;0;
100;0;
101;0;
102;0;
103;0;
104;0;
105;0;
106;0;
107;0;
108;0;
109;0;
110;0;
111;0;
112;0;
113;0;
114;0;
115;0;
116;0;
117;0;
118;0;
119;0;
120;0;
121;0;
122;0;
123;0;
124;0;
125;0;
126;0;
127;0;
0;613;
1;68;
2;201;
3;1227;
4;1097;
5;1295;
6;622;
7;38;
8;674;
9;1376;
10;611;
11;408;
12;363;
13;382;
14;470;
15;593;
16;7391;
17;22455;
18;5026;
19;1913;
20;1251;
21;905;
22;2127;
23;6879;
24;16716;
25;4351;
26;943;
27;644;
28;673;
29;744;
30;1268;
31;1856;
32;8928;
33;1443;
34;0;
35;0;
36;0;
37;0;
38;0;
39;1390;
40;8366;
41;10132;
42;1292;
43;357;
44;86;
45;70;
46;95;
47;782;
48;2410;
49;29;
50;0;
51;0;
52;0;
53;0;
54;0;
55;136;
56;1572;
57;233;
58;166;
59;0;
60;0;
61;0;
62;0;
63;575;
64;1061;
65;0;
66;0;
67;0;
68;0;
69;0;
70;0;
71;4;
72;196;
73;0;
74;0;
75;0;
76;0;
77;0;
78;0;
79;9;
80;156;
81;0;
82;0;
83;0;
84;0;
85;0;
86;0;
87;0;
88;0;
89;0;
90;0;
91;0;
92;0;
93;0;
94;0;
95;0;
96;0;
97;0;
98;0;
99;0;
100;0;
101;0;
102;0;
103;0;
104;0;
105;0;
106;0;
107;0;
108;0;
109;0;
110;0;
111;0;
112;0;
113;0;
114;0;
115;0;
116;0;
117;0;
118;0;
119;0;
120;0;
121;0;
122;0;
123;0;
124;0;
125;0;
126;0;
127;0;
0;136;
1;11;
2;30;
3;97;
4;0;
5;0;
6;1;
7;1;
8;0;
9;516;
10;823;
11;620;
12;518;
13;487;
14;538;
15;370;
16;3618;
17;15527;
18;10183;
19;5135;
20;3558;
21;3197;
22;3224;
23;5061;
24;10238;
25;8160;
26;1733;
27;885;
28;796;
29;781;
30;1298;
31;1687;
32;3171;
33;7421;
34;0;
35;0;
36;0;
37;0;
38;116;
39;1654;
40;4419;
41;11746;
42;4080;
43;1161;
44;630;
45;600;
46;549;
47;1117;
48;1952;
49;1299;
50;0;
51;0;
52;0;
53;0;
54;0;
55;325;
56;1934;
57;49;
58;789;
59;124;
60;0;
61;0;
62;1;
63;519;
64;1017;
65;125;
66;0;
67;0;
68;0;
69;0;
70;0;
71;24;
72;295;
73;0;
74;0;
75;0;
76;0;
77;0;
78;0;
79;51;
80;238;
81;33;
82;0;
83;0;
84;0;
85;0;
86;0;
87;0;
88;0;
89;0;
90;0;
91;0;
92;0;
93;0;
94;0;
95;0;
96;0;
97;0;
98;0;
99;0;
100;0;
101;0;
102;0;
103;0;
104;0;
105;0;
106;0;
107;0;
108;0;
109;0;
110;0;
111;0;
112;0;
113;0;
114;0;
115;0;
116;0;
117;0;
118;0;
119;0;
120;0;
121;0;
122;0;
123;0;
124;0;
125;0;
126;0;
127;0;
0;16;
1;11;
2;0;
3;24;
4;2;
5;0;
6;1;
7;1;
8;0;
9;40;
10;324;
11;560;
12;563;
13;531;
14;528;
15;205;
16;2628;
17;6032;
18;13605;
19;6377;
20;5094;
21;4065;
22;3101;
23;4104;
24;6584;
25;8221;
26;3023;
27;1313;
28;948;
29;1188;
30;1010;
31;1505;
32;2170;
33;7768;
34;2066;
35;0;
36;0;
37;158;
38;769;
39;1919;
40;3675;
41;9082;
42;7183;
43;1442;
44;1019;
45;780;
46;1339;
47;1470;
48;1556;
49;2650;
50;24;
51;0;
52;0;
53;0;
54;0;
55;565;
56;2019;
57;834;
58;252;
59;1332;
60;260;
61;11;
62;24;
63;506;
64;922;
65;328;
66;0;
67;0;
68;0;
69;0;
70;0;
71;49;
72;312;
73;0;
74;0;
75;1;
76;0;
77;0;
78;0;
79;75;
80;317;
81;168;
82;0;
83;0;
84;0;
85;0;
86;0;
87;0;
88;15;
89;0;
90;0;
91;0;
92;0;
93;0;
94;0;
95;0;
96;0;
97;4;
98;0;
99;0;
100;0;
101;0;
102;0;
103;0;
104;0;
105;0;
106;0;
107;0;
108;0;
109;0;
110;0;
111;0;
112;0;
113;0;
114;0;
115;0;
116;0;
117;0;
118;0;
119;0;
120;0;
121;0;
122;0;
123;0;
124;0;
125;0;
126;0;
127;0;
0;0;
1;0;
2;11;
3;0;
4;1;
5;1;
6;0;
7;0;
8;0;
9;0;
10;76;
11;125;
12;450;
13;470;
14;458;
15;107;
16;2035;
17;3020;
18;8915;
19;7497;
20;6246;
21;4413;
22;3432;
23;3267;
24;4699;
25;6516;
26;3941;
27;1827;
28;1169;
29;1042;
30;1279;
31;1343;
32;1957;
33;5954;
34;5978;
35;1328;
36;256;
37;868;
38;1063;
39;2396;
40;3624;
41;7079;
42;8029;
43;2891;
44;997;
45;1149;
46;1432;
47;1780;
48;1412;
49;1697;
50;1231;
51;0;
52;0;
53;0;
54;0;
55;748;
56;1808;
57;1627;
58;2;
59;1405;
60;1087;
61;522;
62;223;
63;528;
64;863;
65;525;
66;0;
67;0;
68;0;
69;0;
70;0;
71;152;
72;455;
73;0;
74;0;
75;76;
76;131;
77;0;
78;0;
79;178;
80;386;
81;327;
82;0;
83;0;
84;0;
85;0;
86;0;
87;5;
88;90;
89;0;
90;0;
91;0;
92;0;
93;0;
94;0;
95;6;
96;2;
97;61;
98;0;
99;0;
100;0;
101;0;
102;0;
103;0;
104;0;
105;0;
106;0;
107;0;
108;0;
109;0;
110;0;
111;0;
112;0;
113;0;
114;0;
115;0;
116;0;
117;0;
118;0;
119;0;
120;0;
121;0;
122;0;
123;0;
124;0;
125;0;
126;0;
127;0;
0;0;
1;0;
2;8;
3;0;
4;0;
5;0;
6;0;
7;0;
8;0;
9;0;
10;0;
11;9;
12;161;
13;308;
14;285;
15;16;
16;1651;
17;1959;
18;5285;
19;7425;
20;5058;
21;3741;
22;3749;
23;2777;
24;3636;
25;4541;
26;3758;
27;2212;
28;1509;
29;1296;
30;1423;
31;1183;
32;1845;
33;4003;
34;6838;
35;3733;
36;1925;
37;2644;
38;1532;
39;2585;
40;3402;
41;6169;
42;8102;
43;4254;
44;1030;
45;1172;
46;1453;
47;1863;
48;1065;
49;1646;
50;2057;
51;0;
52;0;
53;0;
54;0;
55;1002;
56;1829;
57;2331;
58;57;
59;994;
60;1677;
61;1005;
62;753;
63;726;
64;944;
65;753;
66;0;
67;0;
68;0;
69;0;
70;0;
71;271;
72;586;
73;21;
74;0;
75;105;
76;380;
77;58;
78;3;
79;356;
80;628;
81;423;
82;0;
83;0;
84;0;
85;0;
86;0;
87;40;
88;216;
89;0;
90;0;
91;0;
92;0;
93;0;
94;0;
95;65;
96;10;
97;127;
98;0;
99;0;
100;0;
101;0;
102;0;
103;0;
104;0;
105;0;
106;0;
107;0;
108;0;
109;0;
110;0;
111;0;
112;0;
113;0;
114;0;
115;0;
116;0;
117;0;
118;0;
119;0;
120;0;
121;0;
122;0;
123;0;
124;0;
125;0;
126;0;
127;0;
0;0;
1;0;
2;0;
3;0;
4;0;
5;0;
6;0;
7;0;
8;0;
9;0;
10;0;
11;0;
12;20;
13;106;
14;119;
15;0;
16;1391;
17;1401;
18;3372;
19;5216;
20;3287;
21;3385;
22;3036;
23;2232;
24;2846;
25;3554;
26;3244;
27;2374;
28;1539;
29;1512;
30;1450;
31;985;
32;1691;
33;2737;
34;5723;
35;6538;
36;4309;
37;4057;
38;2258;
39;2747;
40;3481;
41;5089;
42;7719;
43;5004;
44;1213;
45;1096;
46;1637;
47;1660;
48;1208;
49;1658;
50;3123;
51;234;
52;0;
53;0;
54;783;
55;1310;
56;1668;
57;2916;
58;273;
59;900;
60;1545;
61;1175;
62;947;
63;1368;
64;982;
65;909;
66;0;
67;0;
68;0;
69;0;
70;0;
71;484;
72;854;
73;79;
74;0;
75;1;
76;1199;
77;567;
78;258;
79;405;
80;586;
81;455;
82;0;
83;0;
84;0;
85;0;
86;0;
87;93;
88;248;
89;0;
90;0;
91;0;
92;7;
93;3;
94;0;
95;87;
96;49;
97;230;
98;0;
99;0;
100;0;
101;0;
102;0;
103;1;
104;35;
105;0;
106;0;
107;0;
108;0;
109;0;
110;0;
111;0;
112;0;
113;0;
114;0;
115;0;
116;0;
117;0;
118;0;
119;0;
120;0;
121;0;
122;0;
123;0;
124;0;
125;0;
126;0;
127;0;
0;0;
1;0;
2;0;
3;0;
4;0;
5;0;
6;0;
7;0;
8;0;
9;0;
10;0;
11;0;
12;16;
13;3;
14;0;
15;0;
16;1195;
17;1041;
18;2646;
19;3231;
20;1512;
21;2895;
22;1971;
23;1583;
24;2190;
25;2712;
26;2721;
27;2299;
28;1510;
29;1579;
30;1560;
31;860;
32;1621;
33;2268;
34;5388;
35;7105;
36;6959;
37;5405;
38;3896;
39;3304;
40;3648;
41;4456;
42;7343;
43;5506;
44;1417;
45;1048;
46;1392;
47;1702;
48;1198;
49;1528;
50;2758;
51;1026;
52;0;
53;0;
54;1013;
55;1411;
56;1665;
57;3014;
58;448;
59;612;
60;2186;
61;1117;
62;1480;
63;1683;
64;1163;
65;942;
66;18;
67;0;
68;0;
69;0;
70;0;
71;594;
72;1032;
73;499;
74;0;
75;0;
76;901;
77;1185;
78;472;
79;377;
80;583;
81;444;
82;0;
83;0;
84;0;
85;0;
86;0;
87;139;
88;248;
89;0;
90;0;
91;0;
92;105;
93;110;
94;9;
95;128;
96;62;
97;357;
98;0;
99;0;
100;0;
101;0;
102;0;
103;39;
104;83;
105;0;
106;0;
107;0;
108;0;
109;0;
110;0;
111;54;
112;0;
113;3;
114;0;
115;0;
116;0;
117;0;
118;0;
119;0;
120;0;
121;0;
122;0;
123;0;
124;0;
125;0;
126;0;
127;0;
0;0;
1;0;
2;0;
3;0;
4;0;
5;0;
6;0;
7;0;
8;0;
9;0;
10;0;
11;0;
12;14;
13;5;
14;0;
15;0;
16;1003;
17;833;
18;2153;
19;2384;
20;1480;
21;1891;
22;1234;
23;821;
24;1543;
25;2114;
26;2266;
27;2086;
28;1535;
29;1435;
30;1592;
31;722;
32;1548;
33;2017;
34;4966;
35;6497;
36;7738;
37;6876;
38;4897;
39;3607;
40;3910;
41;4239;
42;5910;
43;5627;
44;1992;
45;1120;
46;1325;
47;1813;
48;1271;
49;1381;
50;2479;
51;1715;
52;5;
53;32;
54;1506;
55;1849;
56;1603;
57;3142;
58;1648;
59;602;
60;2239;
61;1111;
62;1601;
63;1903;
64;1140;
65;894;
66;148;
67;0;
68;0;
69;0;
70;0;
71;731;
72;1220;
73;566;
74;0;
75;0;
76;755;
77;1647;
78;833;
79;318;
80;541;
81;425;
82;0;
83;0;
84;0;
85;0;
86;0;
87;231;
88;321;
89;0;
90;0;
91;0;
92;50;
93;215;
94;11;
95;268;
96;296;
97;464;
98;0;
99;0;
100;0;
101;0;
102;0;
103;45;
104;140;
105;0;
106;0;
107;0;
108;0;
109;0;
110;0;
111;74;
112;0;
113;55;
114;0;
115;0;
116;0;
117;0;
118;0;
119;0;
120;0;
121;0;
122;0;
123;0;
124;0;
125;0;
126;0;
127;0;
0;0;
1;0;
2;0;
3;0;
4;0;
5;0;
6;0;
7;0;
8;0;
9;0;
10;0;
11;0;
12;16;
13;3;
14;0;
15;0;
16;840;
17;709;
18;1762;
19;1809;
20;1372;
21;970;
22;362;
23;91;
24;1042;
25;1611;
26;1949;
27;1851;
28;1536;
29;1279;
30;1563;
31;650;
32;1529;
33;1820;
34;4619;
35;5977;
36;8367;
37;7674;
38;6062;
39;4105;
40;3875;
41;4295;
42;5324;
43;5202;
44;2503;
45;1180;
46;1501;
47;1674;
48;1352;
49;1372;
50;2222;
51;1949;
52;37;
53;429;
54;1566;
55;2145;
56;1923;
57;2913;
58;1983;
59;1080;
60;2108;
61;1055;
62;1398;
63;2112;
64;667;
65;811;
66;276;
67;174;
68;0;
69;0;
70;324;
71;745;
72;1236;
73;832;
74;0;
75;0;
76;558;
77;1415;
78;1071;
79;532;
80;897;
81;378;
82;15;
83;0;
84;0;
85;0;
86;0;
87;321;
88;356;
89;0;
90;0;
91;0;
92;165;
93;919;
94;261;
95;326;
96;514;
97;542;
98;1;
99;0;
100;0;
101;0;
102;0;
103;82;
104;227;
105;0;
106;0;
107;0;
108;0;
109;4;
110;0;
111;81;
112;14;
113;122;
114;0;
115;0;
116;0;
117;0;
118;0;
119;4;
120;31;
121;0;
122;0;
123;0;
124;0;
125;0;
126;0;
127;1;
0;0;
1;0;
2;0;
3;0;
4;0;
5;0;
6;0;
7;0;
8;0;
9;0;
10;0;
11;4;
12;14;
13;1;
14;0;
15;0;
16;723;
17;604;
18;1518;
19;1415;
20;1096;
21;193;
22;3;
23;2;
24;652;
25;1262;
26;1702;
27;1678;
28;1504;
29;1139;
30;1515;
31;603;
32;1451;
33;1709;
34;4300;
35;5403;
36;9059;
37;7951;
38;6188;
39;4203;
40;3975;
41;4391;
42;4986;
43;5074;
44;2120;
45;1323;
46;1583;
47;1625;
48;1451;
49;1343;
50;2039;
51;2003;
52;37;
53;1070;
54;2219;
55;1522;
56;2140;
57;2760;
58;2121;
59;1161;
60;2885;
61;1064;
62;1269;
63;2182;
64;749;
65;758;
66;347;
67;454;
68;0;
69;0;
70;527;
71;1345;
72;1205;
73;955;
74;0;
75;0;
76;447;
77;1063;
78;1264;
79;747;
80;921;
81;446;
82;33;
83;0;
84;0;
85;0;
86;0;
87;435;
88;450;
89;0;
90;0;
91;0;
92;85;
93;1441;
94;542;
95;313;
96;503;
97;521;
98;7;
99;0;
100;0;
101;0;
102;0;
103;119;
104;223;
105;0;
106;0;
107;0;
108;0;
109;91;
110;4;
111;101;
112;38;
113;174;
114;0;
115;0;
116;0;
117;0;
118;0;
119;34;
120;52;
121;0;
122;0;
123;0;
124;0;
125;0;
126;0;
127;39;
0;0;
1;0;
2;0;
3;0;
4;0;
5;0;
6;0;
7;0;
8;0;
9;0;
10;3;
11;4;
12;11;
13;1;
14;0;
15;0;
16;618;
17;525;
18;1335;
19;1129;
20;765;
21;0;
22;3;
23;1;
24;328;
25;1031;
26;1477;
27;1533;
28;1441;
29;1055;
30;1420;
31;579;
32;1443;
33;1613;
34;4068;
35;4993;
36;9575;
37;7545;
38;5900;
39;4117;
40;4136;
41;4479;
42;4296;
43;5058;
44;2084;
45;1404;
46;1669;
47;1515;
48;1499;
49;1390;
50;1875;
51;2042;
52;37;
53;1759;
54;3017;
55;1665;
56;2217;
57;2551;
58;2685;
59;1110;
60;3114;
61;1085;
62;1315;
63;1998;
64;823;
65;706;
66;396;
67;677;
68;0;
69;0;
70;489;
71;1363;
72;1111;
73;1136;
74;11;
75;0;
76;497;
77;1058;
78;1260;
79;1243;
80;961;
81;504;
82;48;
83;0;
84;0;
85;0;
86;0;
87;497;
88;608;
89;0;
90;0;
91;0;
92;8;
93;1566;
94;752;
95;304;
96;492;
97;455;
98;27;
99;0;
100;0;
101;0;
102;0;
103;143;
104;219;
105;0;
106;0;
107;0;
108;0;
109;186;
110;39;
111;111;
112;52;
113;225;
114;4;
115;0;
116;0;
117;0;
118;0;
119;45;
120;76;
121;0;
122;0;
123;0;
124;0;
125;0;
126;0;
127;63;
0;0;
1;0;
2;0;
3;0;
4;0;
5;0;
6;0;
7;0;
8;0;
9;2;
10;4;
11;9;
12;4;
13;0;
14;0;
15;0;
16;519;
17;465;
18;1219;
19;945;
20;533;
21;0;
22;3;
23;1;
24;161;
25;855;
26;1332;
27;1440;
28;1392;
29;985;
30;1382;
31;527;
32;1496;
33;1613;
34;3931;
35;4812;
36;9743;
37;6805;
38;6090;
39;4039;
40;4139;
41;4524;
42;4045;
43;4878;
44;2164;
45;1496;
46;1642;
47;1469;
48;1483;
49;1350;
50;1749;
51;2053;
52;38;
53;2567;
54;3171;
55;1746;
56;2101;
57;2239;
58;2873;
59;1219;
60;3216;
61;1141;
62;1463;
63;1923;
64;914;
65;738;
66;430;
67;838;
68;0;
69;0;
70;485;
71;1399;
72;1268;
73;1488;
74;12;
75;0;
76;410;
77;1146;
78;1248;
79;1543;
80;957;
81;491;
82;61;
83;0;
84;0;
85;0;
86;0;
87;537;
88;706;
89;0;
90;0;
91;0;
92;1;
93;1570;
94;885;
95;313;
96;467;
97;457;
98;31;
99;0;
100;0;
101;0;
102;0;
103;172;
104;182;
105;0;
106;0;
107;0;
108;0;
109;173;
110;52;
111;111;
112;93;
113;237;
114;12;
115;0;
116;0;
117;0;
118;0;
119;46;
120;125;
121;0;
122;0;
123;0;
124;0;
125;0;
126;0;
127;74;
0;0;
1;0;
2;0;
3;0;
4;0;
5;0;
6;0;
7;0;
8;4;
9;3;
10;4;
11;4;
12;4;
13;0;
14;0;
15;0;
16;454;
17;429;
18;1166;
19;856;
20;447;
21;0;
22;3;
23;1;
24;99;
25;746;
26;1235;
27;1360;
28;1350;
29;966;
30;1321;
31;498;
32;1577;
33;1594;
34;3846;
35;4724;
36;9408;
37;6340;
38;6185;
39;3945;
40;4067;
41;4543;
42;3837;
43;4704;
44;2212;
45;1545;
46;1657;
47;1466;
48;1445;
49;1357;
50;1666;
51;2028;
52;247;
53;3117;
54;3196;
55;1876;
56;2071;
57;2034;
58;3059;
59;1399;
60;3214;
61;1141;
62;1568;
63;1818;
64;959;
65;757;
66;429;
67;992;
68;0;
69;0;
70;587;
71;1350;
72;1327;
73;1745;
74;12;
75;0;
76;374;
77;1175;
78;1276;
79;1769;
80;958;
81;495;
82;90;
83;0;
84;0;
85;0;
86;0;
87;560;
88;767;
89;0;
90;0;
91;0;
92;1;
93;1653;
94;926;
95;319;
96;375;
97;457;
98;39;
99;0;
100;0;
101;0;
102;0;
103;216;
104;190;
105;0;
106;0;
107;0;
108;0;
109;168;
110;57;
111;115;
112;195;
113;226;
114;25;
115;0;
116;0;
117;0;
118;0;
119;46;
120;128;
121;0;
122;0;
123;0;
124;0;
125;0;
126;0;
127;74;
0;0;
1;0;
2;0;
3;0;
4;0;
5;0;
6;0;
7;2;
8;4;
9;2;
10;7;
11;1;
12;3;
13;0;
14;0;
15;0;
16;416;
17;417;
18;1161;
19;830;
20;436;
21;0;
22;3;
23;1;
24;95;
25;721;
26;1195;
27;1321;
28;1331;
29;949;
30;1349;
31;463;
32;1613;
33;1635;
34;3843;
35;4634;
36;8900;
37;6287;
38;6191;
39;3925;
40;4017;
41;4533;
42;3805;
43;4617;
44;2247;
45;1589;
46;1668;
47;1476;
48;1461;
49;1343;
50;1581;
51;2085;
52;622;
53;3241;
54;3180;
55;1890;
56;2040;
57;2036;
58;3125;
59;1483;
60;3194;
61;1174;
62;1560;
63;1851;
64;963;
65;746;
66;426;
67;1041;
68;0;
69;0;
70;647;
71;1340;
72;1336;
73;1766;
74;12;
75;0;
76;362;
77;1154;
78;1295;
79;1807;
80;969;
81;507;
82;97;
83;0;
84;0;
85;0;
86;0;
87;573;
88;772;
89;4;
90;0;
91;0;
92;1;
93;1685;
94;953;
95;307;
96;359;
97;457;
98;49;
99;0;
100;0;
101;0;
102;0;
103;214;
104;218;
105;0;
106;0;
107;0;
108;0;
109;166;
110;59;
111;120;
112;203;
113;219;
114;34;
115;0;
116;0;
117;0;
118;0;
119;49;
120;130;
121;0;
122;0;
123;0;
124;0;
125;0;
126;0;
127;75;
0;630;
1;468;
2;380;
3;174;
4;293;
5;197;
6;172;
7;177;
8;4195;
9;2617;
10;1021;
11;738;
12;753;
13;1060;
14;2609;
15;3232;
16;8010;
17;703;
18;89;
19;21;
20;19;
21;68;
22;257;
23;10237;
24;31643;
25;0;
26;0;
27;0;
28;0;
29;0;
30;0;
31;21202;
32;6012;
33;0;
34;0;
35;0;
36;0;
37;0;
38;0;
39;13091;
40;3136;
41;1;
42;0;
43;0;
44;0;
45;0;
46;0;
47;5659;
48;2785;
49;0;
50;0;
51;0;
52;0;
53;0;
54;0;
55;627;
56;161;
57;0;
58;0;
59;0;
60;0;
61;0;
62;0;
63;1760;
64;365;
65;0;
66;0;
67;0;
68;0;
69;0;
70;0;
71;19;
72;1;
73;0;
74;0;
75;0;
76;0;
77;0;
78;0;
79;86;
80;0;
81;0;
82;0;
83;0;
84;0;
85;0;
86;0;
87;0;
88;0;
89;0;
90;0;
91;0;
92;0;
93;0;
94;0;
95;0;
96;0;
97;0;
98;0;
99;0;
100;0;
101;0;
102;0;
103;0;
104;0;
105;0;
106;0;
107;0;
108;0;
109;0;
110;0;
111;0;
112;0;
113;0;
114;0;
115;0;
116;0;
117;0;
118;0;
119;0;
120;0;
121;0;
122;0;
123;0;
124;0;
125;0;
126;0;
127;0;
0;573;
1;298;
2;200;
3;185;
4;215;
5;314;
6;558;
7;2261;
8;457;
9;1652;
10;1674;
11;1453;
12;1230;
13;2041;
14;1615;
15;1781;
16;1682;
17;431;
18;283;
19;149;
20;108;
21;212;
22;2747;
23;28999;
24;9045;
25;1037;
26;189;
27;54;
28;64;
29;160;
30;6840;
31;20822;
32;2006;
33;291;
34;37;
35;44;
36;26;
37;1;
38;739;
39;15240;
40;1178;
41;1;
42;0;
43;0;
44;0;
45;0;
46;0;
47;9591;
48;311;
49;0;
50;0;
51;0;
52;0;
53;0;
54;3;
55;793;
56;150;
57;0;
58;0;
59;0;
60;0;
61;0;
62;0;
63;4214;
64;0;
65;0;
66;0;
67;0;
68;0;
69;0;
70;0;
71;26;
72;2;
73;0;
74;0;
75;0;
76;0;
77;0;
78;0;
79;686;
80;0;
81;0;
82;0;
83;0;
84;0;
85;0;
86;0;
87;0;
88;0;
89;0;
90;0;
91;0;
92;0;
93;0;
94;0;
95;0;
96;0;
97;0;
98;0;
99;0;
100;0;
101;0;
102;0;
103;0;
104;0;
105;0;
106;0;
107;0;
108;0;
109;0;
110;0;
111;0;
112;0;
113;0;
114;0;
115;0;
116;0;
117;0;
118;0;
119;0;
120;0;
121;0;
122;0;
123;0;
124;0;
125;0;
126;0;
127;0;
0;659;
1;450;
2;358;
3;337;
4;338;
5;492;
6;1438;
7;87;
8;1;
9;598;
10;1263;
11;1509;
12;1624;
13;498;
14;51;
15;509;
16;1683;
17;705;
18;392;
19;369;
20;562;
21;1895;
22;11573;
23;18399;
24;5716;
25;2762;
26;1629;
27;716;
28;997;
29;4727;
30;16185;
31;6617;
32;1180;
33;623;
34;374;
35;141;
36;58;
37;662;
38;8840;
39;8367;
40;1460;
41;38;
42;0;
43;0;
44;0;
45;0;
46;2941;
47;7482;
48;513;
49;1;
50;0;
51;0;
52;0;
53;57;
54;0;
55;1089;
56;243;
57;0;
58;0;
59;0;
60;0;
61;0;
62;80;
63;3995;
64;0;
65;0;
66;0;
67;0;
68;0;
69;0;
70;0;
71;45;
72;0;
73;0;
74;0;
75;0;
76;0;
77;0;
78;0;
79;1340;
80;0;
81;0;
82;0;
83;0;
84;0;
85;0;
86;0;
87;0;
88;0;
89;0;
90;0;
91;0;
92;0;
93;0;
94;0;
95;0;
96;0;
97;0;
98;0;
99;0;
100;0;
101;0;
102;0;
103;0;
104;0;
105;0;
106;0;
107;0;
108;0;
109;0;
110;0;
111;0;
112;0;
113;0;
114;0;
115;0;
116;0;
117;0;
118;0;
119;0;
120;0;
121;0;
122;0;
123;0;
124;0;
125;0;
126;0;
127;0;
0;475;
1;448;
2;363;
3;251;
4;357;
5;777;
6;221;
7;0;
8;0;
9;11;
10;358;
11;476;
12;77;
13;15;
14;0;
15;108;
16;1442;
17;801;
18;636;
19;782;
20;1264;
21;5107;
22;14750;
23;9865;
24;4375;
25;3485;
26;3352;
27;2621;
28;4140;
29;9304;
30;9946;
31;3233;
32;1138;
33;691;
34;387;
35;218;
36;682;
37;2400;
38;11283;
39;5190;
40;1634;
41;525;
42;13;
43;20;
44;0;
45;49;
46;7555;
47;4309;
48;809;
49;282;
50;228;
51;32;
52;143;
53;7;
54;120;
55;1463;
56;343;
57;1;
58;0;
59;0;
60;0;
61;0;
62;2121;
63;1849;
64;3;
65;0;
66;0;
67;0;
68;0;
69;0;
70;0;
71;80;
72;21;
73;0;
74;0;
75;0;
76;0;
77;0;
78;1289;
79;742;
80;0;
81;0;
82;0;
83;0;
84;0;
85;0;
86;0;
87;0;
88;0;
89;0;
90;0;
91;0;
92;0;
93;0;
94;0;
95;1;
96;0;
97;0;
98;0;
99;0;
100;0;
101;0;
102;0;
103;0;
104;0;
105;0;
106;0;
107;0;
108;0;
109;0;
110;0;
111;0;
112;0;
113;0;
114;0;
115;0;
116;0;
117;0;
118;0;
119;0;
120;0;
121;0;
122;0;
123;0;
124;0;
125;0;
126;0;
127;0;
0;254;
1;343;
2;219;
3;116;
4;375;
5;167;
6;0;
7;0;
8;0;
9;0;
10;0;
11;42;
12;3;
13;0;
14;0;
15;0;
16;1442;
17;955;
18;958;
19;1206;
20;3214;
21;8337;
22;10142;
23;5834;
24;3626;
25;3132;
26;3768;
27;3910;
28;6131;
29;8525;
30;4578;
31;2315;
32;979;
33;750;
34;434;
35;589;
36;1291;
37;5096;
38;11806;
39;3818;
40;1953;
41;1493;
42;700;
43;72;
44;179;
45;3437;
46;6485;
47;3672;
48;1003;
49;608;
50;369;
51;109;
52;15;
53;446;
54;227;
55;1620;
56;438;
57;1;
58;0;
59;0;
60;0;
61;0;
62;2860;
63;1423;
64;148;
65;0;
66;31;
67;52;
68;0;
69;0;
70;0;
71;196;
72;103;
73;0;
74;0;
75;0;
76;0;
77;0;
78;2105;
79;507;
80;0;
81;0;
82;0;
83;0;
84;0;
85;0;
86;0;
87;0;
88;0;
89;0;
90;0;
91;0;
92;0;
93;0;
94;61;
95;0;
96;0;
97;0;
98;0;
99;0;
100;0;
101;0;
102;0;
103;0;
104;0;
105;0;
106;0;
107;0;
108;0;
109;0;
110;0;
111;0;
112;0;
113;0;
114;0;
115;0;
116;0;
117;0;
118;0;
119;0;
120;0;
121;0;
122;0;
123;0;
124;0;
125;0;
126;0;
127;0;
0;65;
1;173;
2;101;
3;47;
4;26;
5;0;
6;0;
7;0;
8;0;
9;0;
10;0;
11;0;
12;0;
13;0;
14;0;
15;0;
16;1372;
17;1167;
18;1072;
19;1715;
20;4015;
21;8620;
22;5156;
23;4019;
24;3251;
25;3392;
26;3705;
27;4538;
28;5582;
29;4214;
30;3498;
31;1767;
32;1260;
33;896;
34;627;
35;1118;
36;3482;
37;7067;
38;11180;
39;3513;
40;1962;
41;1775;
42;1404;
43;595;
44;2217;
45;7650;
46;3133;
47;2864;
48;931;
49;615;
50;241;
51;382;
52;150;
53;723;
54;923;
55;1625;
56;691;
57;187;
58;0;
59;0;
60;0;
61;487;
62;3165;
63;1865;
64;293;
65;285;
66;190;
67;81;
68;0;
69;0;
70;0;
71;261;
72;275;
73;0;
74;0;
75;0;
76;0;
77;1;
78;2437;
79;301;
80;0;
81;0;
82;0;
83;0;
84;0;
85;0;
86;0;
87;39;
88;6;
89;0;
90;0;
91;0;
92;0;
93;0;
94;215;
95;61;
96;0;
97;0;
98;0;
99;0;
100;0;
101;0;
102;0;
103;0;
104;0;
105;0;
106;0;
107;0;
108;0;
109;0;
110;0;
111;0;
112;0;
113;0;
114;0;
115;0;
116;0;
117;0;
118;0;
119;0;
120;0;
121;0;
122;0;
123;0;
124;0;
125;0;
126;0;
127;0;
0;4;
1;6;
2;7;
3;0;
4;0;
5;0;
6;0;
7;0;
8;0;
9;0;
10;0;
11;0;
12;0;
13;0;
14;0;
15;2;
16;1273;
17;1290;
18;1111;
19;2135;
20;3696;
21;5197;
22;3221;
23;2897;
24;2893;
25;3044;
26;3607;
27;3671;
28;3467;
29;3010;
30;2751;
31;1359;
32;1423;
33;873;
34;973;
35;2181;
36;4301;
37;10842;
38;9718;
39;3640;
40;2105;
41;2722;
42;1645;
43;2478;
44;5247;
45;6246;
46;2184;
47;2154;
48;820;
49;673;
50;421;
51;309;
52;1393;
53;95;
54;1467;
55;1541;
56;1076;
57;627;
58;22;
59;0;
60;0;
61;1955;
62;2584;
63;2435;
64;570;
65;702;
66;119;
67;87;
68;0;
69;0;
70;0;
71;443;
72;300;
73;0;
74;0;
75;0;
76;0;
77;430;
78;2329;
79;324;
80;32;
81;29;
82;47;
83;35;
84;0;
85;0;
86;0;
87;71;
88;58;
89;0;
90;0;
91;0;
92;0;
93;0;
94;223;
95;78;
96;0;
97;0;
98;0;
99;0;
100;0;
101;0;
102;0;
103;0;
104;0;
105;0;
106;0;
107;0;
108;0;
109;0;
110;0;
111;0;
112;0;
113;0;
114;0;
115;0;
116;0;
117;0;
118;0;
119;0;
120;0;
121;0;
122;0;
123;0;
124;0;
125;0;
126;0;
127;0;
0;3;
1;5;
2;7;
3;0;
4;0;
5;0;
6;0;
7;0;
8;0;
9;0;
10;0;
11;0;
12;0;
13;0;
14;0;
15;4;
16;1201;
17;1206;
18;1211;
19;2465;
20;3517;
21;3263;
22;2293;
23;1932;
24;2480;
25;3100;
26;3647;
27;3213;
28;2931;
29;2347;
30;2285;
31;1083;
32;1412;
33;993;
34;1219;
35;3410;
36;4596;
37;10975;
38;8993;
39;3994;
40;2552;
41;2645;
42;2065;
43;3901;
44;5955;
45;4404;
46;2001;
47;2162;
48;613;
49;697;
50;718;
51;338;
52;2098;
53;37;
54;1960;
55;1456;
56;1156;
57;1254;
58;47;
59;9;
60;1;
61;2577;
62;2147;
63;2352;
64;932;
65;686;
66;199;
67;0;
68;0;
69;0;
70;0;
71;617;
72;383;
73;0;
74;0;
75;0;
76;0;
77;979;
78;2144;
79;368;
80;217;
81;320;
82;85;
83;0;
84;0;
85;0;
86;0;
87;142;
88;178;
89;0;
90;0;
91;0;
92;0;
93;106;
94;232;
95;144;
96;0;
97;0;
98;0;
99;0;
100;0;
101;0;
102;0;
103;6;
104;0;
105;0;
106;0;
107;0;
108;0;
109;0;
110;0;
111;0;
112;0;
113;0;
114;0;
115;0;
116;0;
117;0;
118;0;
119;0;
120;0;
121;0;
122;0;
123;0;
124;0;
125;0;
126;0;
127;0;
0;7;
1;1;
2;7;
3;0;
4;0;
5;0;
6;0;
7;0;
8;0;
9;0;
10;0;
11;0;
12;0;
13;0;
14;0;
15;4;
16;1093;
17;1066;
18;1297;
19;2547;
20;3112;
21;2042;
22;1411;
23;1026;
24;2004;
25;2878;
26;2762;
27;2460;
28;2430;
29;1906;
30;1989;
31;869;
32;1368;
33;1162;
34;1478;
35;3987;
36;5734;
37;10404;
38;8285;
39;4148;
40;2739;
41;2305;
42;3640;
43;4907;
44;5929;
45;3086;
46;1933;
47;2186;
48;991;
49;746;
50;904;
51;804;
52;1814;
53;240;
54;2489;
55;1808;
56;1394;
57;2347;
58;107;
59;49;
60;374;
61;2712;
62;1626;
63;2338;
64;893;
65;401;
66;335;
67;0;
68;0;
69;0;
70;155;
71;703;
72;647;
73;40;
74;0;
75;0;
76;0;
77;854;
78;1953;
79;457;
80;312;
81;742;
82;133;
83;0;
84;0;
85;0;
86;0;
87;203;
88;256;
89;0;
90;0;
91;0;
92;0;
93;841;
94;471;
95;109;
96;0;
97;55;
98;12;
99;0;
100;0;
101;0;
102;0;
103;45;
104;38;
105;0;
106;0;
107;0;
108;0;
109;0;
110;1;
111;67;
112;0;
113;0;
114;0;
115;0;
116;0;
117;0;
118;0;
119;0;
120;0;
121;0;
122;0;
123;0;
124;0;
125;0;
126;0;
127;0;
0;5;
1;1;
2;7;
3;0;
4;0;
5;0;
6;0;
7;0;
8;0;
9;0;
10;0;
11;0;
12;0;
13;0;
14;3;
15;3;
16;1008;
17;876;
18;1363;
19;2315;
20;2682;
21;1302;
22;476;
23;260;
24;1515;
25;2005;
26;2298;
27;2138;
28;2051;
29;1582;
30;1789;
31;732;
32;1310;
33;1326;
34;1774;
35;3794;
36;6879;
37;9703;
38;8032;
39;4475;
40;3092;
41;3420;
42;4387;
43;5559;
44;5801;
45;2199;
46;1881;
47;2118;
48;1125;
49;790;
50;953;
51;2091;
52;1316;
53;582;
54;2537;
55;1951;
56;1557;
57;2461;
58;112;
59;67;
60;596;
61;2554;
62;1522;
63;2268;
64;1042;
65;498;
66;421;
67;0;
68;7;
69;0;
70;542;
71;845;
72;906;
73;221;
74;0;
75;0;
76;0;
77;1074;
78;1478;
79;593;
80;368;
81;599;
82;103;
83;0;
84;0;
85;0;
86;0;
87;242;
88;244;
89;0;
90;0;
91;0;
92;0;
93;1126;
94;782;
95;208;
96;137;
97;211;
98;61;
99;0;
100;0;
101;0;
102;0;
103;70;
104;125;
105;0;
106;0;
107;0;
108;0;
109;10;
110;37;
111;75;
112;0;
113;0;
114;0;
115;0;
116;0;
117;0;
118;0;
119;0;
120;0;
121;0;
122;0;
123;0;
124;0;
125;0;
126;0;
127;0;
0;1;
1;1;
2;5;
3;2;
4;0;
5;0;
6;0;
7;0;
8;0;
9;0;
10;0;
11;0;
12;0;
13;0;
14;5;
15;5;
16;875;
17;634;
18;1453;
19;1934;
20;2196;
21;643;
22;3;
23;19;
24;1005;
25;1622;
26;1849;
27;1816;
28;1775;
29;1341;
30;1647;
31;617;
32;1311;
33;1505;
34;2269;
35;3983;
36;7792;
37;8686;
38;7339;
39;4474;
40;3519;
41;3888;
42;4451;
43;6026;
44;4888;
45;1815;
46;1798;
47;1846;
48;1271;
49;925;
50;975;
51;2694;
52;680;
53;1450;
54;3133;
55;1494;
56;1594;
57;2373;
58;834;
59;26;
60;1433;
61;2218;
62;1445;
63;2331;
64;738;
65;513;
66;448;
67;10;
68;183;
69;0;
70;536;
71;1408;
72;1245;
73;578;
74;0;
75;0;
76;0;
77;1099;
78;1278;
79;834;
80;812;
81;499;
82;116;
83;0;
84;0;
85;0;
86;0;
87;347;
88;275;
89;0;
90;0;
91;0;
92;0;
93;1375;
94;940;
95;269;
96;269;
97;384;
98;68;
99;0;
100;0;
101;0;
102;0;
103;83;
104;199;
105;0;
106;0;
107;0;
108;0;
109;71;
110;59;
111;93;
112;0;
113;6;
114;3;
115;0;
116;0;
117;0;
118;0;
119;7;
120;8;
121;0;
122;0;
123;0;
124;0;
125;0;
126;0;
127;1;
0;1;
1;0;
2;2;
3;1;
4;3;
5;1;
6;0;
7;0;
8;0;
9;0;
10;0;
11;0;
12;0;
13;4;
14;6;
15;1;
16;769;
17;549;
18;1447;
19;1598;
20;1665;
21;211;
22;3;
23;1;
24;590;
25;1214;
26;1613;
27;1657;
28;1587;
29;1173;
30;1545;
31;575;
32;1337;
33;1528;
34;2903;
35;4046;
36;8524;
37;7815;
38;6859;
39;4365;
40;3753;
41;3916;
42;4237;
43;6089;
44;3547;
45;1709;
46;1778;
47;1656;
48;1370;
49;1027;
50;1063;
51;2670;
52;386;
53;2167;
54;3236;
55;1532;
56;1958;
57;2772;
58;1718;
59;51;
60;2608;
61;1676;
62;1411;
63;2225;
64;652;
65;626;
66;471;
67;362;
68;101;
69;0;
70;521;
71;1309;
72;1258;
73;713;
74;0;
75;0;
76;8;
77;1349;
78;1273;
79;1115;
80;952;
81;325;
82;56;
83;0;
84;0;
85;0;
86;0;
87;471;
88;376;
89;0;
90;0;
91;0;
92;0;
93;1404;
94;925;
95;264;
96;418;
97;553;
98;121;
99;0;
100;0;
101;0;
102;0;
103;123;
104;233;
105;0;
106;0;
107;0;
108;0;
109;157;
110;68;
111;89;
112;1;
113;74;
114;15;
115;0;
116;0;
117;0;
118;0;
119;39;
120;41;
121;0;
122;0;
123;0;
124;0;
125;0;
126;0;
127;57;
0;0;
1;0;
2;0;
3;2;
4;0;
5;1;
6;3;
7;1;
8;0;
9;0;
10;1;
11;0;
12;6;
13;5;
14;0;
15;0;
16;640;
17;522;
18;1375;
19;1307;
20;1168;
21;32;
22;3;
23;1;
24;272;
25;973;
26;1397;
27;1513;
28;1466;
29;1055;
30;1446;
31;523;
32;1382;
33;1538;
34;3419;
35;4125;
36;8982;
37;7024;
38;6590;
39;4192;
40;3995;
41;4243;
42;4260;
43;5835;
44;2763;
45;1638;
46;1744;
47;1517;
48;1434;
49;1164;
50;1274;
51;2493;
52;240;
53;2756;
54;3242;
55;1636;
56;2175;
57;2661;
58;2184;
59;342;
60;3144;
61;1413;
62;1477;
63;2044;
64;784;
65;653;
66;427;
67;675;
68;4;
69;0;
70;520;
71;1337;
72;1217;
73;929;
74;0;
75;0;
76;111;
77;1382;
78;1211;
79;1469;
80;983;
81;408;
82;73;
83;0;
84;0;
85;0;
86;0;
87;504;
88;492;
89;0;
90;0;
91;0;
92;1;
93;1471;
94;982;
95;269;
96;432;
97;497;
98;93;
99;0;
100;0;
101;0;
102;0;
103;146;
104;234;
105;0;
106;0;
107;0;
108;0;
109;160;
110;65;
111;108;
112;35;
113;135;
114;51;
115;0;
116;0;
117;0;
118;0;
119;46;
120;59;
121;0;
122;0;
123;0;
124;0;
125;0;
126;0;
127;67;
0;0;
1;0;
2;0;
3;0;
4;1;
5;1;
6;1;
7;1;
8;3;
9;1;
10;0;
11;7;
12;3;
13;1;
14;0;
15;0;
16;521;
17;481;
18;1305;
19;1070;
20;781;
21;0;
22;3;
23;1;
24;124;
25;777;
26;1267;
27;1394;
28;1389;
29;1000;
30;1355;
31;448;
32;1455;
33;1535;
34;3617;
35;4369;
36;9159;
37;6406;
38;6378;
39;4058;
40;4091;
41;4472;
42;4174;
43;5480;
44;2419;
45;1592;
46;1724;
47;1528;
48;1476;
49;1293;
50;1451;
51;2305;
52;241;
53;3185;
54;3223;
55;1713;
56;2197;
57;2529;
58;2558;
59;724;
60;3244;
61;1251;
62;1524;
63;1891;
64;886;
65;681;
66;444;
67;872;
68;0;
69;0;
70;569;
71;1364;
72;1172;
73;1200;
74;7;
75;0;
76;225;
77;1333;
78;1251;
79;1686;
80;974;
81;486;
82;64;
83;0;
84;0;
85;0;
86;0;
87;542;
88;682;
89;0;
90;0;
91;0;
92;1;
93;1556;
94;966;
95;292;
96;439;
97;444;
98;74;
99;0;
100;0;
101;0;
102;0;
103;178;
104;176;
105;0;
106;0;
107;0;
108;0;
109;160;
110;65;
111;110;
112;78;
113;202;
114;47;
115;0;
116;0;
117;0;
118;0;
119;46;
120;125;
121;0;
122;0;
123;0;
124;0;
125;0;
126;0;
127;74;
0;0;
1;0;
2;0;
3;0;
4;0;
5;0;
6;1;
7;2;
8;4;
9;1;
10;5;
11;2;
12;4;
13;0;
14;0;
15;0;
16;463;
17;439;
18;1209;
19;899;
20;538;
21;0;
22;3;
23;1;
24;80;
25;710;
26;1192;
27;1332;
28;1345;
29;953;
30;1343;
31;472;
32;1549;
33;1570;
34;3774;
35;4566;
36;8944;
37;6281;
38;6242;
39;3942;
40;4051;
41;4563;
42;4002;
43;5029;
44;2285;
45;1580;
46;1673;
47;1465;
48;1443;
49;1340;
50;1549;
51;2088;
52;592;
53;3228;
54;3175;
55;1862;
56;2081;
57;2135;
58;2886;
59;1118;
60;3248;
61;1194;
62;1569;
63;1827;
64;958;
65;749;
66;435;
67;1022;
68;0;
69;0;
70;626;
71;1332;
72;1332;
73;1662;
74;12;
75;0;
76;317;
77;1197;
78;1263;
79;1805;
80;966;
81;489;
82;90;
83;0;
84;0;
85;0;
86;0;
87;562;
88;757;
89;0;
90;0;
91;0;
92;1;
93;1665;
94;959;
95;310;
96;358;
97;457;
98;55;
99;0;
100;0;
101;0;
102;0;
103;216;
104;190;
105;0;
106;0;
107;0;
108;0;
109;164;
110;61;
111;115;
112;194;
113;209;
114;43;
115;0;
116;0;
117;0;
118;0;
119;46;
120;128;
121;0;
122;0;
123;0;
124;0;
125;0;
126;0;
127;74;
0;0;
1;0;
2;0;
3;0;
4;0;
5;0;
6;0;
7;2;
8;4;
9;2;
10;7;
11;1;
12;3;
13;0;
14;0;
15;0;
16;416;
17;417;
18;1161;
19;830;
20;436;
21;0;
22;3;
23;1;
24;95;
25;721;
26;1195;
27;1321;
28;1331;
29;949;
30;1349;
31;463;
32;1613;
33;1635;
34;3843;
35;4634;
36;8900;
37;6287;
38;6191;
39;3925;
40;4017;
41;4533;
42;3805;
43;4617;
44;2247;
45;1589;
46;1668;
47;1476;
48;1461;
49;1343;
50;1581;
51;2085;
52;622;
53;3241;
54;3180;
55;1890;
56;2040;
57;2036;
58;3125;
59;1483;
60;3194;
61;1174;
62;1560;
63;1851;
64;963;
65;746;
66;426;
67;1041;
68;0;
69;0;
70;647;
71;1340;
72;1336;
73;1766;
74;12;
75;0;
76;362;
77;1154;
78;1295;
79;1807;
80;969;
81;507;
82;97;
83;0;
84;0;
85;0;
86;0;
87;573;
88;772;
89;4;
90;0;
91;0;
92;1;
93;1685;
94;953;
95;307;
96;359;
97;457;
98;49;
99;0;
100;0;
101;0;
102;0;
103;214;
104;218;
105;0;
106;0;
107;0;
108;0;
109;166;
110;59;
111;120;
112;203;
113;219;
114;34;
115;0;
116;0;
117;0;
118;0;
119;49;
120;130;
121;0;
122;0;
123;0;
124;0;
125;0;
126;0;
127;75;
0;425;
1;408;
2;252;
3;141;
4;160;
5;267;
6;509;
7;482;
8;562;
9;1710;
10;1128;
11;817;
12;831;
13;1209;
14;1699;
15;464;
16;2912;
17;904;
18;410;
19;183;
20;120;
21;593;
22;1902;
23;6452;
24;12789;
25;940;
26;0;
27;0;
28;0;
29;0;
30;1092;
31;12194;
32;3319;
33;20;
34;0;
35;0;
36;0;
37;0;
38;0;
39;10355;
40;17839;
41;0;
42;0;
43;0;
44;0;
45;0;
46;0;
47;9951;
48;1536;
49;0;
50;0;
51;0;
52;0;
53;0;
54;0;
55;4037;
56;4540;
57;0;
58;0;
59;0;
60;0;
61;0;
62;0;
63;6407;
64;3654;
65;0;
66;0;
67;0;
68;0;
69;0;
70;0;
71;2304;
72;1469;
73;0;
74;0;
75;0;
76;0;
77;0;
78;0;
79;2537;
80;1311;
81;0;
82;0;
83;0;
84;0;
85;0;
86;0;
87;807;
88;383;
89;0;
90;0;
91;0;
92;0;
93;0;
94;0;
95;706;
96;737;
97;0;
98;0;
99;0;
100;0;
101;0;
102;0;
103;296;
104;106;
105;0;
106;0;
107;0;
108;0;
109;0;
110;0;
111;281;
112;141;
113;0;
114;0;
115;0;
116;0;
117;0;
118;0;
119;157;
120;17;
121;0;
122;0;
123;0;
124;0;
125;0;
126;0;
127;203;
0;1112;
1;544;
2;331;
3;322;
4;352;
5;384;
6;633;
7;1412;
8;242;
9;70;
10;249;
11;514;
12;493;
13;364;
14;119;
15;444;
16;3735;
17;1402;
18;801;
19;456;
20;385;
21;1350;
22;3002;
23;7446;
24;7110;
25;3159;
26;1193;
27;526;
28;573;
29;1183;
30;3065;
31;7340;
32;3516;
33;1704;
34;74;
35;0;
36;0;
37;0;
38;539;
39;11130;
40;16919;
41;0;
42;0;
43;0;
44;0;
45;0;
46;153;
47;8627;
48;2411;
49;0;
50;0;
51;0;
52;0;
53;0;
54;0;
55;3442;
56;5151;
57;0;
58;0;
59;0;
60;0;
61;0;
62;0;
63;5496;
64;2932;
65;0;
66;0;
67;0;
68;0;
69;0;
70;0;
71;1948;
72;1817;
73;0;
74;0;
75;0;
76;0;
77;0;
78;0;
79;3347;
80;1452;
81;0;
82;0;
83;0;
84;0;
85;0;
86;0;
87;772;
88;420;
89;0;
90;0;
91;0;
92;0;
93;0;
94;0;
95;560;
96;917;
97;0;
98;0;
99;0;
100;0;
101;0;
102;0;
103;276;
104;125;
105;0;
106;0;
107;0;
108;0;
109;0;
110;0;
111;107;
112;255;
113;0;
114;0;
115;0;
116;0;
117;0;
118;0;
119;135;
120;40;
121;0;
122;0;
123;0;
124;0;
125;0;
126;0;
127;92;
0;11;
1;507;
2;550;
3;511;
4;538;
5;604;
6;471;
7;0;
8;2;
9;38;
10;51;
11;20;
12;15;
13;38;
14;20;
15;0;
16;4299;
17;1878;
18;1306;
19;959;
20;1304;
21;2605;
22;4167;
23;4352;
24;3519;
25;5074;
26;2311;
27;1712;
28;1858;
29;2515;
30;3140;
31;3164;
32;3542;
33;2798;
34;773;
35;275;
36;0;
37;94;
38;2630;
39;11112;
40;15447;
41;464;
42;0;
43;0;
44;0;
45;0;
46;2021;
47;5954;
48;2781;
49;33;
50;0;
51;0;
52;0;
53;0;
54;0;
55;3019;
56;5669;
57;0;
58;0;
59;0;
60;0;
61;0;
62;315;
63;4760;
64;2397;
65;0;
66;0;
67;0;
68;0;
69;0;
70;0;
71;1687;
72;2073;
73;0;
74;0;
75;0;
76;0;
77;0;
78;29;
79;4083;
80;1467;
81;0;
82;0;
83;0;
84;0;
85;0;
86;0;
87;613;
88;589;
89;0;
90;0;
91;0;
92;0;
93;0;
94;0;
95;553;
96;938;
97;0;
98;0;
99;0;
100;0;
101;0;
102;0;
103;228;
104;173;
105;0;
106;0;
107;0;
108;0;
109;0;
110;0;
111;88;
112;264;
113;0;
114;0;
115;0;
116;0;
117;0;
118;0;
119;95;
120;80;
121;0;
122;0;
123;0;
124;0;
125;0;
126;0;
127;85;
0;0;
1;2;
2;264;
3;369;
4;348;
5;122;
6;0;
7;0;
8;0;
9;0;
10;0;
11;0;
12;0;
13;0;
14;0;
15;0;
16;3113;
17;2247;
18;1862;
19;1406;
20;2572;
21;3415;
22;3681;
23;2433;
24;1333;
25;4640;
26;3536;
27;2400;
28;2649;
29;2855;
30;2342;
31;1921;
32;3511;
33;2559;
34;1798;
35;974;
36;48;
37;1237;
38;4639;
39;10486;
40;12866;
41;2412;
42;8;
43;0;
44;1;
45;669;
46;2841;
47;4412;
48;2825;
49;134;
50;0;
51;0;
52;0;
53;0;
54;114;
55;3367;
56;5534;
57;0;
58;0;
59;0;
60;0;
61;0;
62;960;
63;4034;
64;2133;
65;46;
66;0;
67;0;
68;0;
69;0;
70;0;
71;1725;
72;2032;
73;0;
74;0;
75;0;
76;0;
77;0;
78;816;
79;3747;
80;1482;
81;0;
82;0;
83;0;
84;0;
85;0;
86;0;
87;525;
88;692;
89;0;
90;0;
91;0;
92;0;
93;0;
94;0;
95;578;
96;935;
97;0;
98;0;
99;0;
100;0;
101;0;
102;0;
103;208;
104;192;
105;0;
106;0;
107;0;
108;0;
109;0;
110;0;
111;93;
112;269;
113;0;
114;0;
115;0;
116;0;
117;0;
118;0;
119;69;
120;107;
121;0;
122;0;
123;0;
124;0;
125;0;
126;0;
127;80;
0;0;
1;0;
2;0;
3;3;
4;12;
5;4;
6;0;
7;0;
8;0;
9;0;
10;0;
11;0;
12;0;
13;0;
14;0;
15;0;
16;2053;
17;2395;
18;2147;
19;2348;
20;2843;
21;3679;
22;2261;
23;1497;
24;604;
25;3084;
26;3596;
27;3049;
28;2830;
29;2274;
30;2016;
31;1342;
32;3029;
33;2394;
34;2539;
35;1426;
36;1139;
37;2430;
38;5766;
39;9441;
40;10018;
41;5135;
42;968;
43;74;
44;545;
45;2017;
46;2192;
47;3670;
48;2608;
49;415;
50;0;
51;31;
52;0;
53;0;
54;750;
55;3315;
56;5435;
57;49;
58;0;
59;0;
60;0;
61;50;
62;1660;
63;3587;
64;1871;
65;185;
66;0;
67;0;
68;0;
69;0;
70;0;
71;1754;
72;2036;
73;0;
74;0;
75;0;
76;0;
77;1;
78;1608;
79;3113;
80;1459;
81;39;
82;0;
83;0;
84;0;
85;0;
86;0;
87;519;
88;707;
89;0;
90;0;
91;0;
92;0;
93;0;
94;127;
95;574;
96;888;
97;48;
98;0;
99;0;
100;0;
101;0;
102;0;
103;204;
104;195;
105;0;
106;0;
107;0;
108;0;
109;0;
110;0;
111;92;
112;275;
113;0;
114;0;
115;0;
116;0;
117;0;
118;0;
119;51;
120;126;
121;0;
122;0;
123;0;
124;0;
125;0;
126;0;
127;76;
0;0;
1;0;
2;0;
3;3;
4;10;
5;6;
6;0;
7;0;
8;0;
9;0;
10;0;
11;0;
12;0;
13;0;
14;0;
15;0;
16;1257;
17;2416;
18;1885;
19;2852;
20;3209;
21;3544;
22;1605;
23;542;
24;387;
25;2223;
26;2258;
27;2401;
28;1945;
29;1644;
30;1922;
31;961;
32;2640;
33;1915;
34;3268;
35;895;
36;1800;
37;3470;
38;6209;
39;8366;
40;8037;
41;6289;
42;3026;
43;1451;
44;2101;
45;2418;
46;1863;
47;3172;
48;2338;
49;751;
50;510;
51;855;
52;0;
53;0;
54;1657;
55;3130;
56;5319;
57;133;
58;0;
59;0;
60;0;
61;843;
62;1630;
63;3254;
64;1639;
65;390;
66;0;
67;0;
68;0;
69;0;
70;0;
71;1769;
72;2087;
73;0;
74;0;
75;0;
76;0;
77;85;
78;2159;
79;2604;
80;1410;
81;118;
82;0;
83;0;
84;0;
85;0;
86;0;
87;530;
88;707;
89;0;
90;0;
91;0;
92;0;
93;0;
94;182;
95;612;
96;863;
97;68;
98;0;
99;0;
100;0;
101;0;
102;0;
103;207;
104;192;
105;0;
106;0;
107;0;
108;0;
109;0;
110;0;
111;90;
112;290;
113;4;
114;0;
115;0;
116;0;
117;0;
118;0;
119;49;
120;128;
121;0;
122;0;
123;0;
124;0;
125;0;
126;0;
127;75;
0;0;
1;0;
2;0;
3;3;
4;8;
5;8;
6;0;
7;0;
8;0;
9;0;
10;0;
11;0;
12;0;
13;0;
14;0;
15;0;
16;855;
17;2130;
18;1822;
19;2642;
20;3428;
21;2208;
22;1384;
23;92;
24;241;
25;1793;
26;1966;
27;1759;
28;1659;
29;1404;
30;1823;
31;743;
32;2249;
33;1929;
34;3451;
35;1629;
36;2489;
37;5250;
38;6279;
39;7493;
40;6956;
41;6172;
42;4030;
43;2787;
44;2997;
45;2059;
46;1847;
47;2762;
48;2079;
49;1086;
50;769;
51;1065;
52;4;
53;0;
54;2583;
55;2587;
56;4623;
57;836;
58;0;
59;0;
60;0;
61;1635;
62;1487;
63;3037;
64;1449;
65;558;
66;0;
67;0;
68;0;
69;0;
70;7;
71;1781;
72;2132;
73;18;
74;0;
75;0;
76;0;
77;356;
78;2196;
79;2307;
80;1355;
81;172;
82;0;
83;0;
84;0;
85;0;
86;0;
87;537;
88;713;
89;0;
90;0;
91;0;
92;0;
93;0;
94;392;
95;578;
96;810;
97;90;
98;0;
99;0;
100;0;
101;0;
102;0;
103;209;
104;191;
105;0;
106;0;
107;0;
108;0;
109;0;
110;1;
111;94;
112;314;
113;18;
114;0;
115;0;
116;0;
117;0;
118;0;
119;49;
120;128;
121;0;
122;0;
123;0;
124;0;
125;0;
126;0;
127;75;
0;0;
1;0;
2;0;
3;3;
4;4;
5;12;
6;0;
7;0;
8;0;
9;0;
10;0;
11;0;
12;0;
13;0;
14;0;
15;0;
16;740;
17;1668;
18;1801;
19;2183;
20;2548;
21;1330;
22;1084;
23;2;
24;152;
25;1453;
26;1802;
27;1729;
28;1592;
29;1267;
30;1702;
31;624;
32;2002;
33;2086;
34;3099;
35;1989;
36;4194;
37;6372;
38;6231;
39;6738;
40;6175;
41;5768;
42;4649;
43;3443;
44;3554;
45;1803;
46;1889;
47;2425;
48;1873;
49;1310;
50;1232;
51;1820;
52;37;
53;35;
54;3282;
55;2124;
56;3742;
57;1875;
58;65;
59;0;
60;37;
61;2052;
62;1434;
63;2738;
64;1327;
65;679;
66;1;
67;0;
68;0;
69;0;
70;34;
71;1778;
72;2186;
73;51;
74;0;
75;0;
76;0;
77;647;
78;1698;
79;2241;
80;1290;
81;185;
82;0;
83;0;
84;0;
85;0;
86;0;
87;542;
88;727;
89;0;
90;0;
91;0;
92;0;
93;80;
94;915;
95;480;
96;755;
97;153;
98;0;
99;0;
100;0;
101;0;
102;0;
103;209;
104;191;
105;0;
106;0;
107;0;
108;0;
109;0;
110;11;
111;108;
112;278;
113;81;
114;0;
115;0;
116;0;
117;0;
118;0;
119;49;
120;128;
121;0;
122;0;
123;0;
124;0;
125;0;
126;0;
127;75;
0;0;
1;0;
2;1;
3;2;
4;3;
5;13;
6;0;
7;0;
8;0;
9;0;
10;0;
11;0;
12;0;
13;0;
14;0;
15;0;
16;745;
17;1200;
18;1811;
19;2041;
20;2388;
21;913;
22;705;
23;2;
24;107;
25;1159;
26;1659;
27;1630;
28;1522;
29;1180;
30;1590;
31;545;
32;1844;
33;2005;
34;3228;
35;2243;
36;5114;
37;6617;
38;6404;
39;6022;
40;5350;
41;5555;
42;5015;
43;4086;
44;3685;
45;1530;
46;1871;
47;2173;
48;1752;
49;1359;
50;1311;
51;2278;
52;37;
53;484;
54;3593;
55;1835;
56;3052;
57;2675;
58;302;
59;0;
60;459;
61;2233;
62;1563;
63;2443;
64;1205;
65;827;
66;1;
67;0;
68;0;
69;0;
70;158;
71;1682;
72;2197;
73;118;
74;0;
75;0;
76;0;
77;608;
78;1210;
79;2220;
80;1234;
81;238;
82;0;
83;0;
84;0;
85;0;
86;0;
87;549;
88;738;
89;0;
90;0;
91;0;
92;0;
93;634;
94;1188;
95;418;
96;632;
97;242;
98;0;
99;0;
100;0;
101;0;
102;0;
103;210;
104;192;
105;0;
106;0;
107;0;
108;0;
109;0;
110;54;
111;104;
112;273;
113;150;
114;0;
115;0;
116;0;
117;0;
118;0;
119;49;
120;128;
121;0;
122;0;
123;0;
124;0;
125;0;
126;0;
127;75;
0;1;
1;0;
2;1;
3;0;
4;2;
5;14;
6;0;
7;0;
8;0;
9;0;
10;0;
11;0;
12;0;
13;1;
14;0;
15;0;
16;702;
17;915;
18;1757;
19;1844;
20;2127;
21;749;
22;294;
23;2;
24;76;
25;980;
26;1526;
27;1529;
28;1462;
29;1084;
30;1489;
31;488;
32;1746;
33;1869;
34;3449;
35;2644;
36;6062;
37;6433;
38;6680;
39;5401;
40;4778;
41;5094;
42;5280;
43;4584;
44;3572;
45;1614;
46;1855;
47;1985;
48;1649;
49;1424;
50;1197;
51;2623;
52;37;
53;1152;
54;3495;
55;1777;
56;2671;
57;3186;
58;595;
59;61;
60;1040;
61;1963;
62;1596;
63;2246;
64;1135;
65;793;
66;37;
67;41;
68;0;
69;0;
70;320;
71;1554;
72;2047;
73;352;
74;0;
75;0;
76;9;
77;661;
78;1104;
79;2097;
80;1143;
81;395;
82;0;
83;0;
84;0;
85;0;
86;0;
87;553;
88;751;
89;0;
90;0;
91;0;
92;0;
93;1092;
94;1231;
95;409;
96;561;
97;316;
98;0;
99;0;
100;0;
101;0;
102;0;
103;210;
104;191;
105;0;
106;0;
107;0;
108;0;
109;1;
110;66;
111;107;
112;245;
113;193;
114;0;
115;0;
116;0;
117;0;
118;0;
119;50;
120;128;
121;0;
122;0;
123;0;
124;0;
125;0;
126;0;
127;75;
0;0;
1;0;
2;0;
3;0;
4;1;
5;8;
6;6;
7;0;
8;0;
9;0;
10;0;
11;1;
12;1;
13;2;
14;0;
15;0;
16;605;
17;712;
18;1618;
19;1588;
20;1803;
21;559;
22;34;
23;2;
24;63;
25;826;
26;1396;
27;1451;
28;1400;
29;1055;
30;1456;
31;446;
32;1714;
33;1809;
34;3610;
35;3154;
36;6946;
37;6294;
38;6763;
39;4880;
40;4458;
41;4884;
42;5234;
43;5001;
44;3556;
45;1590;
46;1771;
47;1853;
48;1582;
49;1416;
50;1258;
51;2541;
52;37;
53;1810;
54;3363;
55;1788;
56;2395;
57;3194;
58;1070;
59;134;
60;1429;
61;1710;
62;1604;
63;2136;
64;1088;
65;709;
66;199;
67;295;
68;0;
69;0;
70;453;
71;1462;
72;1812;
73;708;
74;0;
75;0;
76;46;
77;903;
78;1183;
79;1955;
80;1070;
81;467;
82;3;
83;0;
84;0;
85;0;
86;0;
87;560;
88;760;
89;0;
90;0;
91;0;
92;0;
93;1291;
94;1128;
95;371;
96;511;
97;362;
98;0;
99;0;
100;0;
101;0;
102;0;
103;210;
104;197;
105;0;
106;0;
107;0;
108;0;
109;31;
110;69;
111;110;
112;227;
113;218;
114;0;
115;0;
116;0;
117;0;
118;0;
119;50;
120;128;
121;0;
122;0;
123;0;
124;0;
125;0;
126;0;
127;75;
0;0;
1;0;
2;0;
3;0;
4;0;
5;3;
6;9;
7;3;
8;0;
9;0;
10;0;
11;1;
12;3;
13;0;
14;0;
15;0;
16;543;
17;598;
18;1517;
19;1393;
20;1442;
21;256;
22;3;
23;1;
24;54;
25;728;
26;1301;
27;1410;
28;1364;
29;1013;
30;1422;
31;425;
32;1661;
33;1743;
34;3643;
35;3605;
36;7716;
37;6221;
38;6616;
39;4476;
40;4281;
41;4845;
42;5109;
43;5128;
44;3189;
45;1609;
46;1734;
47;1747;
48;1538;
49;1399;
50;1342;
51;2353;
52;78;
53;2466;
54;3267;
55;1799;
56;2240;
57;2829;
58;1488;
59;365;
60;2083;
61;1507;
62;1569;
63;2040;
64;1053;
65;691;
66;311;
67;580;
68;0;
69;0;
70;558;
71;1399;
72;1625;
73;1106;
74;0;
75;0;
76;81;
77;1069;
78;1215;
79;1916;
80;1035;
81;488;
82;16;
83;0;
84;0;
85;0;
86;0;
87;563;
88;762;
89;0;
90;0;
91;0;
92;1;
93;1341;
94;1037;
95;327;
96;440;
97;428;
98;4;
99;0;
100;0;
101;0;
102;0;
103;211;
104;203;
105;0;
106;0;
107;0;
108;0;
109;148;
110;70;
111;111;
112;221;
113;229;
114;0;
115;0;
116;0;
117;0;
118;0;
119;50;
120;129;
121;0;
122;0;
123;0;
124;0;
125;0;
126;0;
127;75;
0;0;
1;0;
2;0;
3;0;
4;0;
5;2;
6;5;
7;5;
8;3;
9;0;
10;0;
11;1;
12;3;
13;0;
14;0;
15;0;
16;491;
17;521;
18;1433;
19;1184;
20;1113;
21;84;
22;3;
23;1;
24;52;
25;682;
26;1216;
27;1348;
28;1352;
29;955;
30;1390;
31;417;
32;1628;
33;1684;
34;3667;
35;4017;
36;8210;
37;6092;
38;6466;
39;4190;
40;4160;
41;4770;
42;4792;
43;5203;
44;2661;
45;1641;
46;1720;
47;1651;
48;1499;
49;1379;
50;1420;
51;2210;
52;245;
53;3000;
54;3196;
55;1811;
56;2149;
57;2491;
58;2011;
59;608;
60;2743;
61;1265;
62;1526;
63;1964;
64;1018;
65;717;
66;383;
67;789;
68;0;
69;0;
70;623;
71;1362;
72;1501;
73;1410;
74;4;
75;0;
76;181;
77;1251;
78;1217;
79;1911;
80;1009;
81;494;
82;33;
83;0;
84;0;
85;0;
86;0;
87;564;
88;770;
89;0;
90;0;
91;0;
92;1;
93;1461;
94;1015;
95;290;
96;392;
97;469;
98;7;
99;0;
100;0;
101;0;
102;0;
103;212;
104;206;
105;0;
106;0;
107;0;
108;0;
109;159;
110;66;
111;116;
112;212;
113;239;
114;1;
115;0;
116;0;
117;0;
118;0;
119;50;
120;130;
121;0;
122;0;
123;0;
124;0;
125;0;
126;0;
127;75;
0;0;
1;0;
2;0;
3;0;
4;0;
5;1;
6;2;
7;4;
8;5;
9;3;
10;0;
11;1;
12;3;
13;0;
14;0;
15;0;
16;458;
17;459;
18;1309;
19;1016;
20;813;
21;0;
22;3;
23;1;
24;58;
25;665;
26;1180;
27;1307;
28;1336;
29;936;
30;1359;
31;421;
32;1609;
33;1647;
34;3717;
35;4345;
36;8429;
37;6129;
38;6336;
39;4015;
40;4082;
41;4679;
42;4378;
43;5136;
44;2345;
45;1633;
46;1747;
47;1532;
48;1472;
49;1360;
50;1507;
51;2070;
52;552;
53;3225;
54;3149;
55;1835;
56;2094;
57;2239;
58;2551;
59;873;
60;3121;
61;1223;
62;1515;
63;1919;
64;991;
65;750;
66;401;
67;971;
68;0;
69;0;
70;661;
71;1333;
72;1411;
73;1637;
74;11;
75;0;
76;267;
77;1197;
78;1230;
79;1868;
80;992;
81;494;
82;73;
83;0;
84;0;
85;0;
86;0;
87;570;
88;771;
89;0;
90;0;
91;0;
92;1;
93;1603;
94;1005;
95;287;
96;370;
97;471;
98;24;
99;0;
100;0;
101;0;
102;0;
103;212;
104;210;
105;0;
106;0;
107;0;
108;0;
109;160;
110;65;
111;118;
112;212;
113;227;
114;16;
115;0;
116;0;
117;0;
118;0;
119;50;
120;130;
121;0;
122;0;
123;0;
124;0;
125;0;
126;0;
127;75;
0;0;
1;0;
2;0;
3;0;
4;0;
5;0;
6;1;
7;3;
8;4;
9;4;
10;3;
11;1;
12;3;
13;0;
14;0;
15;0;
16;434;
17;427;
18;1226;
19;885;
20;557;
21;0;
22;3;
23;1;
24;71;
25;679;
26;1174;
27;1300;
28;1329;
29;931;
30;1348;
31;437;
32;1602;
33;1640;
34;3774;
35;4531;
36;8621;
37;6216;
38;6222;
39;3929;
40;4041;
41;4597;
42;4098;
43;4916;
44;2285;
45;1615;
46;1715;
47;1490;
48;1460;
49;1349;
50;1548;
51;2080;
52;755;
53;3248;
54;3149;
55;1868;
56;2055;
57;2099;
58;2899;
59;1174;
60;3184;
61;1200;
62;1533;
63;1873;
64;974;
65;741;
66;419;
67;1038;
68;0;
69;0;
70;668;
71;1326;
72;1362;
73;1731;
74;12;
75;0;
76;338;
77;1167;
78;1275;
79;1830;
80;976;
81;505;
82;94;
83;0;
84;0;
85;0;
86;0;
87;571;
88;771;
89;2;
90;0;
91;0;
92;1;
93;1665;
94;966;
95;299;
96;358;
97;460;
98;45;
99;0;
100;0;
101;0;
102;0;
103;213;
104;218;
105;0;
106;0;
107;0;
108;0;
109;164;
110;61;
111;120;
112;205;
113;218;
114;34;
115;0;
116;0;
117;0;
118;0;
119;49;
120;130;
121;0;
122;0;
123;0;
124;0;
125;0;
126;0;
127;75;
0;0;
1;0;
2;0;
3;0;
4;0;
5;0;
6;0;
7;2;
8;4;
9;2;
10;7;
11;1;
12;3;
13;0;
14;0;
15;0;
16;416;
17;417;
18;1161;
19;830;
20;436;
21;0;
22;3;
23;1;
24;95;
25;721;
26;1195;
27;1321;
28;1331;
29;949;
30;1349;
31;463;
32;1613;
33;1635;
34;3843;
35;4634;
36;8900;
37;6287;
38;6191;
39;3925;
40;4017;
41;4533;
42;3805;
43;4617;
44;2247;
45;1589;
46;1668;
47;1476;
48;1461;
49;1343;
50;1581;
51;2085;
52;622;
53;3241;
54;3180;
55;1890;
56;2040;
57;2036;
58;3125;
59;1483;
60;3194;
61;1174;
62;1560;
63;1851;
64;963;
65;746;
66;426;
67;1041;
68;0;
69;0;
70;647;
71;1340;
72;1336;
73;1766;
74;12;
75;0;
76;362;
77;1154;
78;1295;
79;1807;
80;969;
81;507;
82;97;
83;0;
84;0;
85;0;
86;0;
87;573;
88;772;
89;4;
90;0;
91;0;
92;1;
93;1685;
94;953;
95;307;
96;359;
97;457;
98;49;
99;0;
100;0;
101;0;
102;0;
103;214;
104;218;
105;0;
106;0;
107;0;
108;0;
109;166;
110;59;
111;120;
112;203;
113;219;
114;34;
115;0;
116;0;
117;0;
118;0;
119;49;
120;130;
121;0;
122;0;
123;0;
124;0;
125;0;
126;0;
127;75;
